ISBN13,rating,review
9791189336325,10,글쓰기 잘하고싶어서 이 책 기대됩니다
9791189336325,10,글쓰기라는 소재를 통해 그녀의 머리속을 들여다볼 수 있다는 건 큰 즐거움일 것 같습니다!
9791189336325,10,"통찰력 넘치는 작품 세계를 가진 마거릿 애트우드의 글쓰기 강의, 놓칠 수가 없죠!"
9791189336325,10,천재작가로부터 글쓰기의 강의를 받고싶어요!!
9791189336325,10,놀라운 작품들로 독자들을 매료시키는 마거릿 애트우드의 글쓰기 강의라니 읽지 않을 수 없습니다
9791189336325,10,대작가님의 가르침을 받아보고 싶습니다. 저의 글쓰기 기술도 up이 되겠죠!! :)
9791189336325,10,"세계적인 작가 마거릿 애트우드의 글쓰기 강의라니, 어떤 이야기를 풀어낼지 궁금합니다"
9791189336325,8,너무 읽고싶어요마거릿 애트우드의 지적인 글쓰기 강의
9791189336325,10,그녀의 글쓰기 강의를 듣고 싶었는데..기대된다.
9791189336325,10,마거릿 애트우트의 글쓰기 강의! 저자의 작품을 재미있게 읽었는데 어떤 내용일지 궁금합니다.
9791189336325,10,40년의 작가 경험에서 우러나온 통찰을 만나볼 수 있기를 기대해 봅니다.
9791189336325,10,대작가의 글쓰기에 대한 소신과 강의가 궁금하고 기대도 됩니다.
9791189336325,10,마거릿 애트우드의 지적인 글쓰기 강의 많이 기대됩니다
9788968332883,10,트렌드와 실용성을 모두 잡은 핵심 작법서. 중언부언과 예시가 지루하다면 ‘원칙‘만이라도 발췌해 읽어보라. 그것만으로도 충분히 값어치 있다.
9788968332883,10,작가를 꿈꾸기를 하고 있는데 자꾸 글쓰기가 막힌다면 꼭 읽어야 할 필독서 입니다.
9788968332883,10,작가 지망생으로서 이 책을 읽고 작가가 될 수 있으리라는 확신을 얻었다.
9788968332883,8,내용이 재미있고 가독성이 좋으며 활용도가 높은 책입니다.
9788968332883,10,이야기를 쓰려하는 누구나에게 추천할 책입니다. 기본 원칙과 함께 대가들의 작품도 새롭게 볼 수 있는 시각까지 길러주지요.
9788968332883,10,"작가가 되고 싶은 사람들, 작가로 성공하고 싶은 사람들을 위한 스토리텔링 필수 가이드"
9788968332883,10,"작가뿐만 아니라 소설, 영화를 재밌게 보고 싶은 사람들이 읽으면 좋은 책."
9788968332883,10,글을 맛깔라게 쓰고 싶어서 읽은 책!작가가 꿈이 분들은 참고서로 활용하면 좋을 책인거 같다.간단하게 읽을 책이 아니라 글쓰기 공부에 집중해서 아주 천천히 읽으면 더더욱 좋을 책이다.
9788968332883,8,"스토리를 흥미진진하게 만드는 27개의 원칙을 제시하는 책. 레시피를 제시하기 보다는 재료를 던져주는 책에 가깝다. 재료들을 조합해서 요리로 만드는 것은 독자의 몫이다. 저자의 말대로 ‘원칙은 따르되, 거기에 구애받진 말라‘ 라는 말이 어울리는 책. 연습문제 풀어보는 재미가 쏠쏠했다."
9788968332883,6,이론-> 예시-> 연습문제라는 구성은 획기적. 하지만 같은 말 반복에 예문이 지루함. 600p가 넘는 방대한 양에 비해 신선한 내용은 별로 없음. 작법서를 여러권 읽어봤다면 다 아는 내용일 듯.
9788968332883,10,"작법서들중 가장 트렌디하고, 와닿게 잘 설명한 책. 게임의 시나리오에 까지 설명되어져 있으며 로버트맥키의 시나리오 작법서와 마찬가지로 필독서라는 생각이 듭니다."
9788968332883,10,너 나 우리가 그렇듯이 한 챕터밖에 아직 읽어보지 못했지만 흥미롭습니다. 아마 앞으로도 그럴 것 같습니다. 아주 기대가 됩니다. 지금 쓰고 있는 글에 도움이 되었으면 좋겠는데 글 쓰는 것과 작법서 읽는 데에 시간 배분하기가 심적 여유상 어렵네요.
9788968332883,10,내용이 너무 좋기 때문에 금방 절판될거라 생각되는 책이다. 너무 좋으면 금방 절판되는 경우를 너무 많이 봐왔다. 이 책은 그러한 책이다. 소장하고 두고두고 펼쳐볼만한 책이다.
9788968332883,10,새해에 글 좀 써보고 싶다면 당장 구매해야 할 책. 다양한 분야의 레퍼런스와 실전문제와 친절한 해설까지 글쓰는 사람을 위한 실전 바이블이라 할 수 있겠다.
9788968332883,10,방대한 분량! 정말 핵심적이고  실용적인 내용이 많아 알찼음. 중간에 사례로 나오는 작품도 많아 지루하지 않았음  연습문제 푸는 재미도 굳굳
9788968332883,10,혼자있는 시간이 늘어난 시기 딱 맞는 책인 것 같아요. 기대됩니다!
9788968332883,10,작법서들 중 탁월하게 영리한 책.
9788968332883,10,검증된 작품들에서 원칙을 만들어 낸다는 것결코 쉬운일은 아닐것이다. 글을쓰는 사람이라면 충분히 소장해야 할 책이라고 생각된다  바이블이라고 제목을 쓴 이유 ~!
9788968332883,10,"어린시절부터 나는 글 쓰기를 좋아했다. 학교에서 문학소녀, 음유 시인이라고 불릴 정도로 시를 썼는데, 생각해보면 긴 글에는 두려움을 느꼈던 것 같다. 하지만 이 책을 통해 단계적으로 자세한 팁을 배우고 나니 차근차근 나만의 퀄리티 있는 글을 써내려갈 수 있었다."
9788968332883,10,잘 짜여진 구성과 탄탄한 작법론이 담겨있어서 너무 완벽한 작법서라고 생각한다. 글을 처음 쓰는 사람도 이 책으로 꾸준히 연습하면 실력있는 소설가가 될 수 있다는 확신이 들고 작가 및 작가지망생 분들에게 적극적으로 추천하고 싶은 책이다.
9791185152431,10,작가님 덕분에 글쓰기가 재밌어졌어요
9791185152431,8,"내 문장을 고치는 것은 글을 쓴 기억이 망각 속에 묻히기 전에는 너무나 어려운 일이다. 퇴고 할 때, 몇 가지 짚어볼 점을 합리적인 이유를 들어 제시하고 있다. 읽으면서 내가 흔히 하는 실수들을 되돌아 보았다. 더불어 중간에 삽입된 이야기의 기승전결이 너무 뚜렷해서 기억에 남는다."
9791185152431,10,이렇게 재밌고 유익할 수가~이런 책은 어차피 반복해서 볼 수 밖에 없는데 재밌기까지 하니 평점을 안 줄 수가 없네요. 동사의 맛도 궁금해지네요.
9791185152431,6,너무 쉽게 쓰였다는 느낌을 준다. 책이 얇으면 더 밀도 있게 쓰여야 한다고 생각한다.
9791185152431,10,"과제가 있어서 이런 류(?)의 책은 처음 접하게 되었는데, 저에겐 굉장히 도움이 많이 되고 있습니다.책 크기가 작아 휴대성도 높고, 글 또한 간결 깔끔하니 짬짬히 읽어나가기 편합니다. 무엇보다 저에게 필요한 내용이 가득이라 매우 만족합니다."
9791185152431,10,재밌게읽었었고 이거 읽고난후에 접미사에 조금 신경써서 글 적게되네요
9791185152431,10,옆에 두고 찾아보면서 많이 배우고 있습니다.
9791185152431,8,출판 편집에 도움이 되는 책이다 내용 좋습니다
9791185152431,10,유익하고 흥미롭다. 중독된 습관이 많았구나. 고쳐야겠다. 글 밖 내가 주인 행세를 하면 안된다는 말도 인상깊다.
9791185152431,8,"짧고 굵게 도움이 됐다. 비록 너무 비슷한 예문의 반복과, 내 책만 그런지는 몰라도 살짝 비틀린 인쇄가 거슬렸지만. 나도 몰랐던 내 문장의 습관을 발견하게 해준 책. 종이책 보다는 e북을 추천한다."
9791185152431,10,"1. 한국 사람들이 한국어를 얼마나 엉망진창으로 쓰는지 적나라하게, 그렇지만 친절하게 보여주는 책. 2. 이 책을 읽은 후, 한국어로 쓰인 모든 글의 오류가 눈에 들어오기 시작. 3. 내가 글 쓸 때 한번 더 돌아보게 됨. 4. 책 값 전혀 아깝지 않음. 2만원이라도 살 만한 책."
9791185152431,10,5점 만점. 군더더기 많은 문장이 고민인 분들께는 특별히 더 추천해요.
9791185152431,8,"문장 연습에 대한 실용적인 접근. 학술적 관점이 아니기 때문에 설명 자체가 모호한 부분도 분명히 있다. 물론 그렇기에 훨씬 선명하게 이해할 수 있는 부분 역시 많다. 한꺼번에 익히려고 하지 말고, 두고두고 천천히 흡수하자."
9791185152431,8,공감하는 부분이 많았다글을 쓸 때 더 신경쓰고 조심해야겠다
9791185152431,10,"국어는 독해 위주로 배워왔다. 그래서 쓰기가 이렇게 어려운 줄 몰랐었다. 단순히 생각을 적기만 하면 되는 줄 알았다. 이번 저자의 책을 읽으면서, 단어 하나 하나의 힘을 알게 됐다. 책을 다 읽고 앞으로 더 주의를 기울이며 읽고, 한번 더 고민하고 문장을 쓰리라 다짐했다."
9791185152431,6,"문장 군더더기 덜어내는 가르침은 유익하긴 한데, '미망인' 이라는 폭력적인 표현을 본인에게 대놓고 쓰네요? 배우자가 죽으면 따라 죽는 게 도리라고 생각하는지? 삽입된 소설은 뒤에서 갑자기 산으로 가던데 추상적이고 알 수 없는 부분이 당황스러웠어요. 소설 내용이랑 용어에 신경썼음 좋았을 책."
9791185152431,6,교정 교열 작업자를 위한 책이다. 기본은 한다. 하지만 글을 업으로 삼는 사람이 이 책의 내용대로 글을 고치면 아무런 개성이 없는 글이 될 수도 있다. 그게 함정이다. 그 함정에 빠지지 않도록 조심해야 한다.
9791185152431,8,알고 있는 내용이 많았지만 도움이 되었다. 알고 있다고 해서 고치기는 쉽지 않으니까 읽으면서 리마인드 효과. 왠지 겨울에 읽었으면 더 좋았겠다 싶은 분위기를 지닌 책이었다.
9791185152431,4,기대를 너무 많이 한 탓이렸다...
9791185152431,2,내용은 괜찮은데 재생종이로 만들었으면서 만이천원이나 받는 게 좀 그렇네요...
9791185152431,8,"˝문장의 주인은 문장을 쓰는 사람이 아니라 문장 안에 깃들여 사는 주어와 술어다. 주어와 술어가 원할 때가 아니라면 괜한 낱말을 덧붙이는 일은 삼가야 한다.˝(51쪽) 내 문장을 점검해 볼 수 있는 기회였다. 책 속의 예문들을 직접 써 보면서 익히려 한다. 내 몸이, 내 손끝이 기억할 수 있게."
9791185152431,8,"이 책은 글 쓸 때 읽으면 안 되고, 퇴고할 때 읽어야 한다. 이 책의 내용을 너무 유념하면 글을 시작하기 어렵다."
9791185152431,8,“좋은 문장은 주로 빼기를 통해 만들어진다.” 유려한 문체에만 집착하느라 눈덩이처럼 불어나 엉망이 되어 가는 내 문장을 되돌아볼 수 있는 좋은 계기가 되었습니다.
9791185152431,8,읽을 때는 고개를 끄덕였는데 막상 잘 쓰려고 하니 어렵다. 저자가 하는 오프라인 강좌에 참석해서 첨삭을 받아보고 싶다. 나도 ‘내 글이 그렇게나 이상한지‘ 물어보고 싶다. e-book으로 읽기 좋다.
9791185152431,8,글쓸 때 생각해 볼 부분에 대해 배울 수 있었던.
9791185152431,6,"적, 의를 보이는 것, 들 부분이 가장 와닿았다"
9791185152431,10,"‘적의를 보인는 것들‘ 소제목이이기도한 이것만 잘 숙지해도 글을 매끄럽게 쓸 수 있답니다. 글을 체계적으로 쓰고싶다, 마지막으로 읽어내려갈 때 교정/수정을 잘하고 싶다는 분들께 추천드리는 책입니다."
9791185152431,8,내용은 좋다. 하지만 중간에 소설은 딱히 안 읽어도 될 듯하다. E북으로 싸게 읽는 게 낫다고 생각한다.
9791185152431,6,가격대비 너무너무 실망스럽다... 책도 얇고 재생종이인데 만원이 넘어가는 가격은 굉장히 불합리하다.  6~7천원 정도면 적당할텐데.
9791185152431,10,습관처럼 쓰는 안좋은 표현을 다듬는 것을 습관으로 만들어보자
9791185152431,8,고치는 법을 알 수있게 해주는 책
9791185152431,10,한 번 읽어서는 안 된다. 여러번 읽으며 상기해야 할 필독서.
9791185152431,8,"이 책을 읽으며 글을 쓰고 다듬는다는 것의 의미를 어렴풋이 깨닫는다. 무조건 써 제낀다고 글이 아님을, 문장이 아님을, 글 속에는 글쓴이가 살아있음을 새삼 깨닫는다."
9791185152431,10,"글다듬는 방법만 제시하지 않고 글쓰고 글고치는 사람의 자세, 마음가짐에 대해서도 쓴 점이 좋습니다."
9791185152431,4,적의를 보이는 것들 <- 이걸로 추천하는 글을 봐서 구매했었는데 딱 이것만 유용했다
9791185152431,10,"아.... 뭔가 끄적이며 살아가는 평범한 모든 사람들에게- 좋은 책, 그리고 나처럼  가방 끈 길이와 상관없이 유식(?)하지 못한 사람들에게는 감히 필독서라고 생각. ㅎㅎㅎ"
9791185152431,10,저자의 주장처럼 ‘문장의 주인은 주어와 술어다‘는 원칙으로 작성하면 문장은 말끔해진다.의미가 더 명확해지고 선명해진다.날것 그대로의 문장이 된다.그만큼 문장을 쓰는 자가 부담스러워질 것이다. 장인 기술 전수는 여러모로 어렵다.
9791185152431,8,"보통 실용서는 단순한 매뉴얼이 되는걸 피하기 위해 본문의 앞뒤로 에세이식 이야기를 섞는데, 이 책은 정확히 구분된 구성을 하고 있어서 소설파트나 실용파트를 골라서 읽기 편하다. 작가의 자의식이 있는 사람과 장인으로서의 고민을 가진 사람이 부딪치는(?) 소설파트는 답답하지만 의미가 있다."
9791185152431,8,"- ‘내 문장도‘ 그렇게 이상하겠죠?교정은 ‘왼쪽에서 오른쪽으로, 위에서 아래로‘라고 합의된 최소의 틀에 나의 글을 담아 타인이 읽기 좋게 하려는 배려."
9791185152431,10,정말 좋았다.
9791185152431,2,흠.. 그닥이다. 별로 도움이 되질 않는다.
9791185152431,10,어쩐지...내가 글쓰면 사람들이 뭔 소리냐는 이유가 있었네...뭐가 문제인지 2N년만에 알았습니다....
9791185152431,6,내 문장이 그렇게 이상한지는 모르겠지만 네 편집은 그렇게 이상하네요 여백이 지나치게 좁아서 보자마자 헉 했습니다 편집계에 새로운 트렌드가 있는데 저만 모르는 것인지는 잘 모르겠네요
9791185152431,10,"감기도 우선해져서 이젠 입맛이 돌아올 때도 됐는데.... 우선해지다..라는 말을 어디다 써먹으면 좋을까.. 생각을 하게 되고, 김훈의 소설에 대해 쓴 부분도 좋았습니다. 언제고 곁에 둘 좋은 책입니다. 고맙습니다."
9791185152431,10,글쓰기에 도움이 되는 책입니다. 감사합니다.
9791185152431,10,굉장히 좋은 책. 다른 언어를 번역하며 한국어에서 멀어지는 사람들이 읽기 좋음.
9791185152431,8,"서브 플롯이 있는 게 나름 신선했습니다. 호불호가 갈리겠지만, 저는 좋았습니다. 강추까지는 아니더라도 추천할 정도는 됩니다."
9791185152431,8,생각보다 작고 얇고 내용은 그렇게 막 좋지는 않음
9791185152431,2,"맞춤법도 틀린 게 있고, 책의 상당분량인 수필(소설이라는데 수필 같음)은 챕터 내용과 무관합니다. 문장은 앞에서 뒤, 위에서 아래로 읽더라도 책은 순서대로 읽으실 필요 없겠습니다. 유투브 광고 돈 내고 본 기분이라 참담합니다. 내용은 나름 유익하나, 사상이 ""너무"" 많이 담긴 ""재미 없는"" 책."
9791185152431,10,내용은 도움이 되었으나 읽기 힘든 책 편집
9791185152431,6,"초보자에게 도움이 되긴 하는데... 도움이 많이 되려다 만 느낌.  중간에 메일 내용은 빼도 좋았을듯. 처음엔 메일 내용이 다음 목차와 연관이 있나 싶었는데 꼭 그렇지도 않았고, 뭘 얘기 하는지 모르게 난해했음. 저걸 굳이 왜 넣은거지 하는 의문에 책읽는 집중력이 흐트러진게 아쉬움."
9791185152431,4,｀미망인｀이라는 표현에 흠칫했다. 저자는 그 분을 ｀아직 죽지 못한 사람｀이라고 여긴 것일까? 아니면 저자는 아무 생각 없이 이런 단어를 사용했을까? 문장을 논하는 책에서 이렇게 ｀게으른｀ 표현이라니. 실망을 금할 수가 없었다.
9791185152431,8,"내 문장을 돌아보려 샀다가, 나의 삶을 돌아보았다. 어쩐지 국수가 먹고싶어지는 그런 책."
9791185152431,10,가볍게 읽으려고 샀는데 기대이상의 만족감을 얻은 책입니다. 강추!
9791185152431,10,"책을 읽고 상상 속 교정자를 의식하며 내 문장의 부끄러움을 느꼈다. 어느새 문장에 대한 진지하고 엄격한 태도를 보이고 예술가나 장인 마냥 한 문장이라도 흠 없이 완벽하게 쓰려는 나 자신을 발견했다. 문장 교정법을 알려주는 책이면서 우리에게 문장에 대한 윤리적, 미학적 태도를 새기는 책이다."
9791185152431,4,"저자가 책에 자기 글을 끼워놨는데, 몇몇 글은 왜 넣었는지 이해가 안 되더군요(교열교정 업무를 하다 겪은 에피소드는 상당히 좋았습니다). '깔끔한 문장' 쓰는 방법은 여기 다 있어요!"
9791185152431,6,읽을만하다.
9791185152431,8,얼마전에 출판을 위해 원고를 보냈다. 그리고 이 책을 알게 됐다. 원고를 보내기 전에 이 책을 알았다면 더 좋았을 뻔 했다. 그렇다면 교정하시는 분의 수고를 좀 더 덜어드릴 수 있지 않았을까?
9791185152431,8,간결하고 꼭 알아야할 것만 있다. 사서 오래오래 두고 간편하게 볼 책. 그러나 평소 문장에 관심이 많아 관련 서적을 자주 보는 사람들에겐 많이 부족한 책. 입문자용이다.
9791185152431,8,천천히 읽고 있다. 그래 내 문장은 그렇게 이상했다!
9791185152431,10,"2016-157_[관악도서관]혼자 쓰고 혼자만 읽을 글이라면, 조금 이상해도 괜챦다. 그러나 타인에게 보여줄 글이라면 그 글은 나의 입장이 아니라 상대방 입장에서 쓰여져야 한다. 상대방이 받아들일 수 있는 방식으로 쓰여져야 제대로 전달이 될 수 있는 것이다. 이 책은 그런 소통의 방식을 보여준다."
9791185152431,8,이 책을 읽고나니 한 문장을 쓰는 데도 주춤하게 된다. 그만큼 어색하고 군살가득한 문장을 많이 쓰고 있었다는 얘기겠다.솔직히 모든 지침을 다 따르기는 무리일 듯하고 일단 <문장의 주인은 내가 아니다>와<왼쪽에서 오른쪽으로 의미가 펼쳐지는 문장을 쓰자> 이 두가지는 꼭 부여잡아볼 생각이다.
9791185152431,10,한번 보고 말 게 아니라 자주 보게 될 것 같은 책
9791185152431,10,글 쓰면서 주로 하는 실수들이 많이 나와 있어서 너무 도움이 되고 있어요. 그리고 일단 얇아서 들춰보기 좋네요.
9791185152431,6,"｀적.의를 보이는 것.들｀ 등 글 쓰면서 너무도 많이 저지르는 실수를 쉽고 꼼꼼하게 알려준다. 이 책의 가르침만 잘 익혀도 굉장히 깔끔하고 명료한 문장을, 글을 쓰게 될 것이다."
9791185152431,10,생각보다 작고 얇은 책.. 그러나 재미있게 읽었습니다. 유용하기도 했고요. 어색한 문장과 다듬은 문장을 비교하며 게으른 표현에 대한 경계도 배우고요. 중간중간 이어지는 이야기도 좋았습니다.
9791185152431,4,이런 종류 책을 여러 권 갖고 있는데 새로운 것도 없고 내용도 제일 빈약합니다. 가격도 제일 싸지만...
9791185152431,6,오래읽는 얇은책
9791185152431,10,재밌어요
9791185152431,4,실용적인듯 실용적이지 않다.
9791185152431,6,맞춤법이나 문장에 관심이 많은 사람에게는 새로운 내용이 없다.
9791185152431,8,"자주 틀리는 우리말 표현 위주로 쓴 글쓰기 책. 특이하게도 절반 정도는 소설이다. 소설과 글쓰기 강좌가 번갈아 나오는데 의외로 집중력을 흐트리지 않고 몰입감을 준다. ｀문장의 주인은 글쓴이가 아니라 문장 안의 주어와 술어｀, ｀명확하게 하거나 풍부하게 하는게 아니라면 빼는 게 좋다｀"
9791185152431,10,문장을 쓰는 데 도움이 되고 재미도 있다.
9791185152431,10,교정자로서 공감되는 부분이 많네요.^^
9791185152431,10,내 문장을 뒤돌아 볼수 있었습니다.중간중간에 들어간 소설도 흥미진진했습니다.좋은책 감사합니다.
9791185152431,2,일본어를 배워봤던 사람들은 다 안다. 저자가 지적한 이상한 문장의 원인들이 사실 모두 일본어를 직역해서 소개한 번역서에서 기인한 것 인지를. 그것을 이런 저런 말로 포장한 책 내용이 매우 애처롭다
9791185152431,10,제대로 된 글쓰기를 위해서.
9791185152431,10,글쓴이와 함인주가 주고 받는 이메일이 더 흥미로웠다. 반전에 소름이 끼쳤다. 스포라 그 반전이 무엇인지는 말 못하겠고.김훈의 문장을 분석한 글은 정말 놀랍다.  글쓴이의 다른책 <동사의 맛>도 사야겠다. 오랜만에 좋은 책을 읽었다.
9791185152431,8,"좋은 문장은 주로 빼기를 통해 만들어진다. 33페이지 알고 있는데, 자주 듣는데, 계속 반복해서 하는 실수다. 익숙한 습관에 따라오는 고질병 같은..."
9791185152431,10,"명쾌한 글을 쓴다는 것은 명쾌한 사고를 하고, 이를 잘 표현할 수 있다는 뜻이다. 현대 사회에서 정말 중요한 능력이 아닐 수 없다. 그런데 학생과 성인을 상대로 한 논술 교정 일을 하며 놀란 건, 이런 능력을 갖춘 사람이 의외로 적다는 사실이었다. 많은 사람들에게 이 책을 추천하고 싶은 이유다."
9791185152431,6,글쎄. 뭐랄까. 전문적으로 글을 쓰는 사람 보다 논설을 준비하는 학생을 위한 책에 가깝다는 느낌. 무조건 빼고 잘라 낸다고 좋은 문장일까? 글쎄. 사이사이 들어가있는 수필은 읽을만 했는데 중국집이 육개장이 맛있어봐야 뭔 득이 될까 싶더라.
9791185152431,10,"""아직 읽지 않아서""라고 하셔도...별점만 보고 책에 대한 선입견을 갖게 되는 독자들도 적진 않을 것 같습니다.그래서 전 5점."
9791185152431,6,얼굴 없던 교정교열자가 이제 무대로 나오는 것인가. 지금까지 독자가 알 수 없었던 책의 내밀한 속사정을 누구나 볼 수 있게 드러내 줄것인가 라는 측면에서 읽어보고 싶네요.(아직 읽지 않아서 별 3개입니다. 읽은후 수정할게요.)
9791197030161,8,"웹소설을 잘 ‘쓰는‘ 법이 아닌, 웹소설을 잘 ‘팔리게 쓰는‘ 법. 작가가 아닌 편집자 시선에서 이 둘을 잘 구분하고 있다. 기존의 작법서가 남성향에 치중한 것이 불만이었다면 좋은 선택이 될 것이다."
9791197030161,10,"트위터 발췌가 너무 재미있어서 샀어요. 지금 읽을 시간이 없어서 훑어보기만 했는데, 역시 기대되네요."
9791197030161,10,오늘 책 택배받았는데  품질도 아주 좋고표지도 이쁘고  뼈가 아프고 유익한 책입니다  꼭사보세요 강추
9791197030161,10,유튜브에서 꿀(팁)과 채찍(질)을 아낌없이 뿌리시는 북마녀님이 클래스101에서 체계적으로 정리된 수업을 진행해주고 계셔서 열심히 구독 및 수강을 하고 있는 중이다. 웹소설 집필과 관련한 주옥 같은 정보들이 잘 정리되어있어서 사실 숨겨놓고 혼자 보고 싶다. 개인적으로 표지도 넘나 개취...
9791197030161,10,E북으로도 내주세요요새는 차에서 들을때가 많아서요
9791197030161,8,예약 구매해서 오늘 받아봤는데 북마녀님 팩폭이 장난 아니에요ㅋㅋㅋ 많이 알아갔습니다.
9791155812662,8,"인물의 과거와 심리 상태를 설정하기에 좋은 참고서. 다만 전자책의 <컬트 집단에서 자라다>에서 <가능한 반응과 결과들, 형성될 수 있는 성격 특성, 상처가 악화될 수 있는 계기, 상처를 직면하고 극복할 계기>가 모두 <가질수 있는 두려움>으로 표기된 오류가 있다. 구매시 참고할 것."
9791155812662,10,"소설의 캐릭터를 만들때 , 도움을 받았어요!"
9791155812662,10,트라우마사전 이라해서 트라우마 대해 설명 하는 책인줄알았는데  진짜 사전처럼  예시와 설정이 세분화되 책입니다 꼭 소장해야 할거같은 책이죠
9791155812662,10,어느 한 ‘이야기‘가 어떻게 생겨서 어떤 흐름으로 가는지 이해하는데 많은 도움이 되는 책입니다
9791155812662,10,캐릭터만들 때마다 보면 도움이 많이 될 것 같아요!
9791155812662,10,캐릭터 구축하는데 힘드셨던 분들에게 큰 도움이 될 만한 책이 나왔습니다. 강력 추천합니다.작가분들 이 책으로 큰 도움이 되셨으면 좋겠습니다.^^
9791155812662,10,가난한 작가의 길을 걷느라 마음이 많이 힘든데 스스로를 치유하는 일에도 도움이 될 것 같고내면의 상처를 치유하는 글을 많이 쓰고있는데 작품의 인물들을 만드는 작업에도 도움이 될 것 같은 책입니다.
9791155812662,10,"정말 궁금한 책이고, 캐릭터 설정에 정말 도움될 책이라고 생각합니다! 이 책으로인해 더 매력적인 이야기를 쓸 수 있을거라 생각합니다."
9788932021683,10,새내기때 진짜 도움 많이 받았던 책. 추억돋네요.
9788932021683,8,소설이론 학습의 기초가 됩니다. 반복해서 읽을 만해요
9788932021683,10,문학이론과 비평을 공부하는 이에게 더할나위없는...
9788974744052,10,시중에 나온 플롯 책들중 가장 설명을 잘해놓았습니다. 다른 작법서 보기전에 꼭 먼저 읽어보시길 추천드립니다.
9788974744052,10,"표현과 소재는 바뀔지라도, 구조는 영원하다.구조를 초월할 수는 있어도 무시할 수는 없다.초월하려면 들어가야한다.오만의 마지막 장을 넘긴지망생들이 꼭 읽어봐야하는 작법서.적어도 우리나라 안에서 이런 가이드를제시해 줄 잘난 선생은 대학 어디도 없다."
9788974744052,10,필요한 요소들들 간결한 예시와 함께 잘 설명해주고 있다. 길을 헤메는 나같은 입문자에게 좋은 길잡이가 되어줄 책.
9788974744052,10,다들 권하는 이유가 있네요. 좋은 책입니다.
9788974744052,10,플롯 이전에 사람의 마음이 움직이는 심리적인 기재를 이해할 수 있게 해 주는 책. 강추.
9788974744052,10,머리가 맑아졌다가 다시 안개속...
9788974744052,6,스무가지 플롯을 다 읽는 다 하여도 정확히 어떻게 글을 써야 할지 감이 잡히지 않을 것이다. 플롯을 안다고 하여 풀리지 않던 이야기가 술술 풀릴거라 생각했다면 큰 오산이다. 난 솔직히 조금 뜬구름 잡는 이야기 처럼 읽혔다. 그래서 뭐? 라는 식의 물음만 남았던 것이다.
9788974744052,6,제목만으로 피했어야...
9788974744052,8,인간에 대한 이해가 가능해 지는 책!
9788974744052,8,글을 막 쓰기 시작한 사람에게 도움이 되는 책 같아요.
9788974744052,10,추천받았는데 굉장히 만족합니다.
9788974744052,10,바이블을 이제야 사게 되다니!
9788974744052,10,추천 받아서 읽게 됐는데 글의 뼈대를 알게 된 것 같아서 좋다. 번역서 같지가 않고 매끄럽게 이어짐.결국에 새로운 것은 기존의 것에서 탄생한다는 걸 새삼 깨달았다.
9788974744052,10,읽는것만으로도 추진력을 얻은 기분
9788974744052,10,이야기를 만들려는 당신에게 꼭 필요한 책!
9788974744052,10,이 책을 열심히 들여다보면 플롯 그 이상을 알 수도 있다.
9788974744052,10,멋진 고전
9788974744052,8,골라 놓은 책 선정에 아쉬움이 좀...
9788974744052,6,배려와 소통이 없는 이런 세상에서 마음과 마음이 만나려면 팁 정도는 필요해서요.
9788974744052,10,인간의 심리... 최대의 수수께끼... 다양한 각도에서 공부하는 싶어서 구입~~
9788974744052,8,감사합니다^^^
9788974744052,10,스토리텔링의 교과서
9788974744052,8,읽어두면 도움이 되지 않을까 싶습니다. 잊지 말아야 하는 건 글쓰기의 즐거움!
9788974744052,8,"꼭 하고자 하는 이야기가 있다면, 어느 정도 도움을 받을 수 있는 책."
9788974744052,8,이 책은 떠먹여주지 않는다. 다만 당신이 올바르게 나아갈 길을 '완벽하게' 제시한다.
9788974744052,10,아악!!! 살려고 했는데.. 팔렸다니...!!!
9788974744052,8,극창작을 앞두고 읽었는데 완전 도움받았어요!!
9788974744052,10,"우리가 일상에서 보는 영화, 연극,드라마가 왜 재미있는데, 왜 흥미를 끄는지 알수"
9788974744052,8,여러가지 플롯이 쉽게 정리되어 편리하다.
9788974744052,8,괜찮네요
9788974744052,8,아직 다른 책을 읽는다고 다 읽지는 않았지만 괜찮은 책 같습니다.
9788974744052,10,재미있는 플롯 이야기 입니다. .. 쉽고...
9791190749107,10,추천평 보고 샀는데 정말 추천할 만하다. 막혔던 부분이 있었는데 덕분에 힌트를 얻었다. 창작자에게 실질적 도움을 주는 책!
9791190749107,10,진짜 괜찮다
9791190749107,8,주인공 만큼 악자도 중요하다 문창과 4년 보다 깊은 내공이 있다
9791190749107,10,내가 책을쓴다.> 이걸펼치셈
9791190749107,10,근래에 산 책 중에서 가장 재밌게 읽었습니다. 작법서로도 좋고 한 권의 훌륭한 인문학 책이라고 불려도 과언이 아닙니다.각 유형의 특징들을 정리해 주신 부분이 특히 도움이 됐습니다. 장래에 쓰게 될 소설의 등장인물에게 어떤 포인트를 줘야 하는지 굉장히 참고가 되고 있습니다
9791190749107,10,솔직히 외국의 번역서보다 휠씬 낫다. 국내에서 이만한 내용을 건드릴 수 있다는 것만으로도 구매각이다.
9791190749107,10,분류한 키워드만으로도 충분히 돈 값한 책. 작법서라기보다 잘 쓰인 인문서적이라고 해도 무방하다.
9791190749107,8,컨셉도 내용도 구성도 신선한 그러면서도 굉장히 충실한 작법서이자 교양서. 책속에 들어간 사진이 조금 밝았으면.
9791190749107,10,지금 꼭 필요한 책이었는데 기대돼요~ 도움이 많이 될 것 같습니다!
9791190749107,10,취미로 이제 글쓰기 시작해보고싶은 직장인입니다.  ‘빌런이 매력적인 그 이야기는 절대 실패하지않는다‘ 확실히 주인공만큼 빌런이 매력적이어야 흥미로운 서사가 완성되는 듯 합니다. 굉장히 도움 될 거 같아요
9791190749107,10,글쓰기 카페에서 이벤트 하는 거 보고 왔는데 소재가 특이하고 재밌어 보여서 궁금해서 주문 바로 했습니다
9791190749107,10,주인공보다 빌런 서사에 주목하는 편인데 빌런 작법서라니 너무 궁금하네요. 캐릭터를 구상하는데 많은 도움이 될 것 같아요.
9791190749107,10,표지랑 제목 보고 궁금해서 구매했는데 영화 좋아하면 그냥 읽어도 재밌습니다 기대 이상!
9791190749107,10,"목차와 항목에서 호기심이 당겼고, 미리 보기를 보고 구입을 결정한다. 빌런에 대한 본격적인 분석 책은 처음이 아닌가 한다. 저자의 열정과 노고가 느껴진다.->읽는 중인데 기대 이상이다. 동 분야 관심자,심지어 내공자,전문가에게도 추천한다."
9791190749107,10,"절대로 표지에 속지 마시라. 고등학생이 파워포인트로 만든 것 같은 표지지만, 내용은 충실하고 밑줄 칠 곳 많은 책이다."
9788937426650,6,문학 기본서로 각 장르를 소개하나 이 지루함이란...
9788937426650,8,문학의 개념을 잡기 괜찮은 책이라고 생각합니다.
9788937426650,6,문학에 대한 완전 기본 개론서. 도서관에서 빌려서 1독 하는 정도는 추천 ^^
9788937426650,8,깔끔하게 보기 좋습니다. 문학을 공부하는 기본서로 적합한거 같아요. 마음에 들어요.
9788937426650,8,각각이 개념들이 잘 설명되어 있어서 좋아요. 문학 개념 잡기 좋은 책입니다. 추천!
9791166812453,10,"현재의 <시론>의 시작, 시학의 본질을 알게 된 것은 크나큰 유익이었다."
9791166812453,10,읽고 난 뒤의 보람이란!!!
9788991799400,10,정말 자세하게 설명되있는 책이에요.
9788991799400,10,번역하고 싶은 이라면  필독서
9788991799400,10,초보 번역가로서 마음을 다잡고 읽게되는 책입니다. 스터디 하기에도 좋습니다.
9788991799400,10,한국어공부를 위해서도 꼭 봐야하는 책번역자들이 꼭 봐야하는 책내가 찾던 바로 그러한 책10만원이라도 구입하고 싶은 책 입니다.
9788991799400,10,번역관련 1번으로 읽어야 하는 책이라는 추천을 받아서 구매해 봤는데요 차근차근 읽어봐야 겠습니다.
9788991799400,10,번역이라는 거울로 비춰본 우리말글의 풍미.
9788991799400,10,번역에 갑자기 관심이 생겨 아는 지인에게 추천받아 주문하게 된 책. 앞으로 기대되는 책이다.
9788991799400,10,번역의 세계를 쉽게 이해할 수 있게 도와주는 책이다. 재미있고 깊이도 있다.
9788991799400,10,한-영/영-한 가로 지르기에 관한 명석한 통찰을 부드럽게 제시하다. 언어의 생김새가 아니라 속살을 옮기기: 예1) a와 the의 차이를 은는/이가의 차이로 번역하기  예2) 영어의 전치사는 동사로 적극적으로 옮기기. 영일사전 따라한 영한사전 의지 말고 자유롭게 상상하며 나만의 사전을 만들어 갈 것.
9788991799400,8,번역의 탄생 개인적으로 재미있게 읽었어요. 맨날 번역이 이상하다고 번역자 욕하기만 했는데 그게 그렇게 만만한 일이 아니더군요.
9788991799400,8,유용함
9788991799400,10,"외국서적을 번역한 책들을 접하면서
직접 원서를 읽고 다양한 서적들을
한글로 옮겨보았으면 재미있겠다는
생각을 해보았습니다. 

번역에 대한 많은 아이디어와 새로운 관점을
배울 수 있는 좋은 책입니다. 감사합니다."
9788991799400,8,번역서가 넘쳐나는 시대지요. 비문인줄도 모르고 내 안에 섞여들었을  스스로의 문장들을 돌아볼 수 있을 듯 했습니다.
9788991799400,10,감동적입니다ㅠㅠ
9788991799400,8,편집자나 깊이 읽는 독자에게 유용합니다. 실용적으로.
9788991799400,10,꽤 도움이 되었던 책.
9788991799400,8,"실제로 번역을 해본 사람에게 자기반성을 하게 만드는 책입니다. 매우 실용적이기도 하고요. 지식 생산은 좋은 책을 번역하고 수입하는 데서 출발하는 데, 그간 좋은 번역서는 많지 않았죠. 다만 이 책의 지침 중에는 문학서라면 몰라도 어려운 학술서에는 적용하기 어려운 부분도 다소 있습니다."
9788991799400,10,예전에 도서관에서 빌려서 한 번 읽었는데 다시 읽고싶어서 구매했습니다. 두고두고 읽을수록 도움이 되는 책이에요. 제 한국어를 돌아보게 합니다.
9788991799400,8,영어를 보니 한국어가 보인다! 번역에 종사하며 저자가 오랫동안 곰삭힌 고민의 흔적이 보인다!
9788991799400,10,"일단은 정~~~말 재미있고, 번역하는 법뿐 아니라 우리말 자체도 새로 배우는 느낌이다. 여러 번 읽고, '번역 예'는 따로 적어놓고 공부해야겠다. 이희재 선생님이 옮기신 책 꼭 사봐야지."
9788991799400,8,번역의 탄생 이전에 제대로 된 번역가의 탄생이란 어떤 것인지 고민해 볼 수 있는 뜻깊은 시간을 제공할 것이다. 강추!
9788991799400,10,"번역을 하는 사람뿐 아니라 우리말, 우리글을 다루는 사람의 필독서다."
9788991799400,8,번역하기 전에 꼭 일어봐야할 책
9788991799400,10,번역을 공부하는 사람이라면 필수. 우리말에 대해 고민해 보고 싶은 사람도 필수. 정말 멋진 책!!
9788991799400,10,번역의 묘미를 알고 싶도록 나를 근질거리게 만든 책!
9788991799400,10,아마추어 번역자의 필독서. 우리말 의역을 강조하신 저자에게 감사드립니다.
9788991799400,10,"언어가 말하는 ""나의 근원은 너"""
9788991799400,10,꼭 한번쯤 읽어봐야할 책
9788991799400,10,한국어를 새로 배우는 기분. 꼭 번역이 아니더라도 우리말을 쓰는 사람이라면 누구나.
9788991799400,10,"이런 책에 내가 허접 리뷰 보탤 이유가 없다, 무슨 글이든 쓰시는 분에겐 무조건 강추"
9788991799400,10,글쓴이의 생각과 자세에 공감하는 바가 많았습니다~.
9788991799400,8,재미없을 주제를 가지고 참 재미있고 탄탄한 구성으로 펴냈네요
9788991799400,8,두 권구입해서 한권은 넘 좋아 소장하고 한권은 지인에게 선물하고....
9788991799400,10,"질과 양,,모든 면에서 만족을 선사 할 책, 강추!!!!"
9788991799400,10,곁에 두고 오래 함께해야 할 책.
9788991799400,10,정말 최고다. 별이 다섯 개뿐인 게 아쉬울 정도.
9788991799400,10,좋은책! 강추! 다만 그냥 페이퍼백으로 14000원 정도에 나왔으면 더 좋을 뻔했다.
9788991799400,10,번역은 한국어를 풍요롭게 살찌우는 작업이다란 저자의 말에 깊은 공감!!
9788991799400,10,"""우리말 답게""를 위해 저자가 쏟은 고뇌와 노고에 존경을 표합니다. 강추!"
9788991799400,10,한글이 얼마나 재주많고 놀라운 저력을 지닌 언어인지 깨닫게 하는 참 좋은 책!
9788991799400,8,번역에 관심이 있어서 구매했는데요 *^^* 번역의 기본과 노하우를 알려주네요
9788937410499,6,한자가.. 와... 한자가... 어머나.. 한자가... 하아... 한자가...
9788937410499,8,"한국문학의 정의, 특징부터 구성요소와 가야할 길까지."
9788937410499,8,잘 받았습니다
9788937410499,10,임고 공부 할 때 도움 됩니다
9788937410499,10,갈래론을 이해하기에 좋아요^^
9788937410499,10,각 장르에 대한 이해와 갈래에 대해 이해하기 쉽게 나와 있습니다.
9788937410499,10,"한국문학의 전반적인 흐름을 읽고, 쉽게 이해할 수 
있어 좋아요."
9788937410499,10,한문이 많아서 찾아 보며 읽는게 힘들긴 하지만 갈래 분류가 잘 되있어서 좋습니다.
9788966188888,10,원하는 책을 빠른배송으로 잘 받았습니다
9788966188888,8,임용준비생 필독서
9788966188888,10,국문학과가 아닌 타학과였음에도 이해하고 학습하는데 어려움이 없어 좋은 성적 받았습니다. 깔끔하고 내용도 여러 작품을 수록해 놓아 지루하지 않게 잘 되어있었습니다.다른학교 국문과 친구들도 하나쯤 가지고 있었습니다.이건 되팔지 않고 보관하려합니다.나중에 개인적으로 다시 읽어도 좋은 책.
9788966188888,10,학교교재입니다.^^
9788971999219,10,"국어 전공자로서 웬만한 개론서들은 다 사서 보는 편인데 고전소설의 여러 작품들이 망라되어 있어서 좋네요. 방한림전, 유연전, 소현성록 등 흔히 보기 힘든 작품들도 꼼꼼히 수록되어 있어요."
9788982735509,10,시나리오 공부가 삶과 관계에 대해 깊이 있게 해석할 힘을 주는 것 같다는 생각이 들었다. 최근 코딩 관련 책을 읽으며 사고를 정리하는 법을 다시 새겨보는 듯 했는데 시나리오 공부는 삶의 의미 부여를 다시 할 수 있도록 돕는듯 했다. 작법에 관심없는 분들도 읽어볼 가치가 있을 듯하다.
9788982735509,10,깨달음과 용기를 주는 책
9788982735509,10,"읽어보는 중인데, 두껍지만 읽을 보람이 있는 책이에요."
9788982735509,8,시나리오를 쓰지 않더라도 이야기에 관심있는 사람이라면 누구나 읽을 만한 책이다. 그래서 번역본의 제목을 ‘스토리‘로 바꿔달라 요청한 저자의 요구가 이해된다. 행간에 등장하는 수많은 영화의 발견은 선물과 같다.
9788982735509,8,내용이 많은 편이라 읽다가 그만두는 경우가 많다..충실한 요약본이 나와줬으면 좋겠음..
9788982735509,10,두껍지만 열심히 읽고있어요 도움됐으면 좋겠네요
9788982735509,10,"이야기에 대한 통찰만이 아니다. : 삶에 대한 이야기가 들어있다. : 이야기 또한 우리의 삶을 담아낸 내용이기에. : 이야기로써, 삶을 이야기한다."
9788982735509,8,추천이 많아서 사봅니다.. 제수준에맞길..
9788982735509,10,"읽어가고 있는 중입니다. 두꺼운 책인데, 국내 독자들에게 낯선 외국 영화 제목들을 제외하고는 버릴 문장이 없다는 생각이 듭니다. 글쓰기를 배우기 위해 사야하는 책 목록에서 정말 꼭 들어있어야 하는 좋은 작법서입니다."
9788982735509,10,"시나리오 작법책인 줄 알았는데, 삶과 예술에 대한 통찰이 대단하네요."
9788982735509,10,goooood
9788982735509,10,추천하기에 사봤습니다.
9788982735509,6,최동훈 감독이 인터뷰에서 언급한 책이아서 봤지만 글쎄...
9788982735509,10,진지하고 자세한 최고의 영화 시나리오 이론서
9788982735509,6,시나리오를 쓰는 데 있어 유용한 내용이 담겨 있다. 다른 시나리오 책들도 여러 권 샀었는데 비교적 내용과 구성이 깔끔한 편.
9788982735509,10,시나리오 작성의 고전
9788982735509,8,a부터 z까지 시나리오 작성의 모든것
9788982735509,8,교과서 같은 책
9788982735509,10,시나리오 작가를 꿈꾸는 제게있어선 바이블과도 같은 책이에요. 시퀀스나 플롯은 물론 예제도 있어서 그때그때 찾아보기도 좋아요. 두꺼운 만큼 제값을 한답니다. ^^
9788982735509,8,"기본, 정석, 핵심!"
9788982735509,8,"평소에 관심이 있던 분야이다.,"
9788982735509,8,시나리오의 바이블
9788982735509,10,영화 연출의 기본인 시나리오에 대해 잘 알 수 있을 것 같아요.
9788982735509,10,지금까지도 도움을 많이 받고 있는 책입니다.
9788982735509,10,다른말이 필요 없다. 교과서
9788982735509,8,정석 중의 정석
9788982735509,10,교과서중의 교과서. 필수소장용 도서
9788982735509,10,기본이란 말에 샀습니다. 만족스럽게 여겨집니다.
9788982735509,10,최고의 책!! 이 책을 정말 좋아해서 원서랑 오디오북도 샀지요.^^
9788982735509,10,아주 유익함
9788982735509,10,"책장에 꽂아놓고 오랫동안 잊고 있었다가 최근에 정독을 했다. 시나리오를 쓰는 사람 뿐만 아니라 누가 읽어봐도 좋을 것 같다. 글을 쓰는 기술에 대해서도 나오지만 행간에는 어떤 일을 할 때 가져야 할 태도, 세상 이치, 인간의 속성에 대해서도 작가의 놀라운 통찰이 촘촘히 박혀있다."
9788982735509,10,듣던대로 좋은 책이군요
9788982735509,10,말만 듣던 글씨기 교본의 명저... 드디어 구매한 소감~~ 행복합니다. 어느 페이지를 읽어도 편안하게 읽을 수 있습니다. 처음부터 차례대로 읽어야 한다는 부담감은 버리시길....
9788982735509,10,글을 어떻게 쓰는지 길을 알려줍니다.
9788982735509,6,시나리오 작가 로버트 맥키의 시나리오 쓰는법 시나리오 지망생들에게 유용하다
9788982735509,8,관련자가 아니라 그런지 도통 진도가 나갈 생각을 안하는데ㅠㅠㅠ책 자체 내용은 무척 충실한거 같아요ㅠㅠㅠㅠ
9788982735509,10,"약간의 기초가 있다면 무리없이 볼만한 책, 실용성에 강추"
9788982735509,10,"드디어 샀습니다! 굳이 시나리오 쓸 거 아니래도, 영화를 이해하는데 있어서 읽기좋은 최고의 대중서인 것 같아요."
9788982735509,8,페이지량이 다소부담스러웠지만 방대하지만 틈하나없이 굉장히알찬 그런 교과서같은책
9788982735509,10,괜히 유명한 게 아닙니다. 시나리오와 관련된 책 중에서 가장 잘 써진 책 같습니다.
9788982735509,10,내용과 구성이 정말 탄탄합니다!
9788982735509,10,와 진짜 작법서로는 이 책을 따라가는 게 없는 것 같습니다!!
9788982735509,10,"다른 책들이 그냥 커피라면, 이 책은 티오피야.... 분책해서 다니려고 한 권 더 샀다."
9788982735509,10,작법을 뛰어넘는 소울이 있다.로버트 맥기 대단하다!
9788982735509,10,시나리오 뿐만이 아닌 글을 써서 먹고살아가려는 사람들에게 필수인 책.
9788982735509,10,두꺼워서 아직 제대로 못읽었지만 훑어만 봐도 책의 에너지가 느껴짐
9788982735509,10,작가아카데미의 이론수업에서 이 책의 내용을 그대로 인용하고 있다. 독학용으로 무방
9788982735509,10,스토리를 작성하기위해 공부하는 사람들을 위한 기본지침서로 전혀 손색이 최고의 책
9788982735509,8,도움이 많이됩니다.. 아쉬운점은 모두 미국영화라는 점...
9788982735509,8,"시나리오 작법도 그렇지만, 시나리오를 쓰는 사람의 태도에 대한 언급 역시 충실하다"
9788982735509,10,시나리오를 쓰고 싶어하는 모든 사람들에게 강추!
9788982735509,10,좋은 책이네요
9788982735509,10,한줄도 안빼놓고 이야기의 살이 되는 의미 있는 책이었습니다. 줄쳐가면서 공부중
9788982735509,6,내용은 좋지만 돈에 비해 좋은 책은 아니였어요
9788982735509,8,책의 두깨 만큼이나 나를 아하~ 깨우준책
9788993905625,8,글 쓰는 연습이라는게 새로웠다
9788993905625,8,글쓰는 방법을 가장 논리적으로 가르쳐주는 책이다.
9788993905625,10,"인문학 시대 글쓰기에 대해 고민하시는 분에게 필요한 책, 어떻게, 어떤 작가가 되고 싶은가?"
9788993905625,10,글 쓰기를 하거나 작가를 하고자 한다면 읽어야 할 책.
9788993905625,10,수영 강습에서 평영을 배운다. ‘평영=개구리헤엄’인줄 알았는데 선생님이 화낸다. ˝우리 지금 헤엄치는 거 아니예요. 수영 기술 배우는거예요. 기술!˝.. 이 책은 글쓰기 기술을 가르친다. 제대로 글쓰기 ‘기술
9788993905625,10,멋진 책. 내 생각을 모아봐야겠다.
9788993905625,8,막연히 타고난 글쓰기 재주가 있는 듯이 생각하기 쉽다. 하지만 글쓰기에도 체계적인 방법과 연습이 매우 중요하다는 것이다. 독자까지 고려한 섬세한 방법론이 이 책의 장점으로 보인다.
9788993905625,10,단순히 글 쓰기만이 아니라 논리를 풀어나가는 비법이 필요한 모든 분들께 추천드리고 싶습니다.
9788993905625,10,"용기를 주는 책 같아요. 따라서 하다보면 혹시 한 편 슬 수 있지 않을까? 하는 용기를 주네요.
단ㄱ단계 구체적이어서 기분 좋게 시도해 보게 하네요."
9788993905625,10,정말 중요하고 좋은 책이니 많이 보십사 합니다
9788993905625,8,좋은 책으로 멋지게 교육자료 알차게 사용하면 될것 같습니다
9788993905625,10,작가 지망생들에게 밝은 미래의 희망을 ㅠㅠ
9788993905625,10,글쓰기란 무엇인가..바로 人如其作(You are what you write)이라고 할 수 있지 않을까
9788993905625,10,서양의 글쓰기에 대한 조금 이론적 글쓰기에 대한 글이다.
9788993905625,8,하버드라는 제목을 붙이기엔 살짝 과장된 감이 있지만 글쓰는데 도움이 될만하네요
9788932030036,10,잘 받았습니다 고맙습니다만족합니다
9788932030036,10,나도 언젠가는...
9791159053825,8,전공자 입장에서는 가볍고 쉽게 접할 수 있는 전공지식이었다
9788925589497,10,띄어쓰기는 한 번 찾아서 알고 넘어간다 해도 다음에 쓰려면 또 헷갈려서 또 찾아봐야 된다. 아예 옆에 끼고 살 책 한 권이 필요했다. 띄어쓰기에 관한 책을 찾는데 맞춤법까지 딸려있는 책이 있어서 주문을 망설일 필요가 없었다. 중요한 부분을 빨간색으로 구분을 해놓아서 도움이 많이 된다.
9788934977322,6,작가의 재치가 보이지만 글쓰기에 참고할만한 책은 아닌듯
9788934977322,10,어느 책에선가 이 책을 강력 추천해서 구입하게 되었어요
9788934977322,10,제 최애 책...소설 쓰기에 대한 팁이긴 하지만크게보면 글을 쓰는 사람들에게 영감을 주는천재 작가!
9788934977322,10,유혹당함
9788934977322,4,스티븐킹이 쓴 책 중에서 가장 재미없게 읽은 책. 글쓰기 하는 법에 대한 건 딱히.
9788934977322,10,스티븐 킹에게 수업받은 학생들의 인터뷰가 궁금하다. 좋은 책이다.
9788934977322,10,앞에 이력서  읽는 중인데 재밌음
9788934977322,4,번역이 너무 마음에 안 든다. 처녀작이라는 말은 왜 쓰는 거고 당당하고 걸걸하다던 태비는 왜 킹에게 존댓말을 쓰는 건지? 번역가 김진준 씨의 시대착오적인 번역 때문에 읽다가 기분만 내내 잡쳤다.
9788934977322,10,집에 이 책 있는데 새로 또 사고 싶네. 이런 책을 읽으면서도 스티븐 킹의 속사포같은 직설화법에 빨려들어간다.... 이 책은 스티븐 킹의 인격체다. 이 책이 설득력 있는 이유는 실제로 그의 글이 유혹적이기 때문이기도.
9788934977322,6,"글쓰는 얘기 반, 자전적인 얘기 반. 작가가 어떤 노력 끝에 지금에 이르게 됐는지에 대한 얘기는 흥미로웠지만 마지막 인생론에 들어가서는 지루했다."
9788934977322,10,"이야기를 들려주며 기쁨을 얻는 모든 사람의 마음을 가장 잘 알고 있는 스티븐 킹. 그가 격동의 삶 속에서 준비한, 우리가 가장 원했던 글쓰기에 관한 책."
9788934977322,10,글쓰기가 어렵고 지루하다는 편견을 정면으로 깨주는 책입니다.
9788934977322,10,전 세계 독자를 사로잡은 스티븐 킹의 창작론이 담긴 책이라 더 흥미로웠던 것 같습니다. 명쾌한 글쓰기에 대한 방법들이 담긴 책이라 좋았던 것 같아요. 글을 쓰시거나 이제 막 글을 쓰기 시작하시는 분들이 읽어보면 좋을 책인 것 같습니다. 추천드려요.
9788934977322,10,단순한 글쓰기 교본이라기 보다는 스티븐 킹의 소설만큼이나 재미있게 읽을 수 있는 것 같습니다.
9788934977322,10,세계적으로 유명한 베스트 셀러 작가인 스티븐 킹에게 글을 쓰는 자세와 방법과 함께 자전적인 이야기를 만날 수 있어서 흥미롭습니다.
9788934977322,10,세계적인 베스트셀러 작가 스티븐 킹의 글쓰기의 노하우를 배울 수 있어서 관심을 가지게 되네요. 실제 경험에서 우러나오는 생생함과 그의 작품에 대한 이해를 높일 수 있기 때문에 권하고 싶습니다.
9788934977322,10,작가의 경험을 토대로 글쓰기의 방법을 논하는데다가 다른 글쓰기에 관련된 서적들과 달리 작가의 인생 스토리부터 글쓰기의 효율적인 방법 등 다양한 이야기가 오히려 지루함 없이 읽을수 있어 좋았습니다
9788934977322,10,글쓰는데는 독창적인 아이디어가 필요합니다
9788934977322,8,스티븐킹의 소설을 읽는 것처럼 편안하고 즐겁게 읽을수 있어 개인적으로 무척 만족스러웠다. 다만 그것이 실제 글쓰기 작업까지 매끄럽게 이어질수 있는가의 문제는 개인의 역량에 달린것 같지만서도. 글쓰기에 흥미가 있지만 아직 글쓰기책을 접해보지 않은 이에게 입문용으로 권하고 싶다.
9788934977322,10,세계적인 베스트 셀러 작가 스티븐 킹에게 글 쓰는 자세와 방법에 대한 비법과 함께 자전적인 이야기를 만날 수 있어서 흥미롭게 읽을 수 있습니다.
9788934977322,10,"스티븐 킹의 팬이라면 꼭 읽어보아야 할 책이라 생각합니다. 스티븐 킹이 글쓰기 비법을 여러 다양한 사례들을 통해 재미나게 쓰고 있어서 지루하지 않게 읽을 수 있고, 또 글쓰기 비법뿐만 아니라 스티븐 킹의 일생과 생각을 알아볼 수 있어서 더욱더 흥미가 가는 책이네요."
9788934977322,6,뿡야라는 단어 번역이 너무 거슬림...그리고 사자마자 개정판이 나옴. 사기전에 개정판 곧 나온다고 알려줘야하는거 아닌가?
9788934977322,8,워낙 내가 좋아하는 작가이다보니 한 번 읽어보고 싶었던 책이다.굳이 거창한 글쓰기가 아니라도 쉽고 재미있게  써여있어 누구라도 읽으면 좋으리라.
9788934977322,8,한번쯤 꼭 읽어볼만한 킹옹의 책... 눈물나는 부분도 있다.
9788934977322,6,작법서의 이름을 달고 있지만 멋진 에세이로 읽혔다.킹이 실제 겪은 아픈 사고가 유혹하는 글씨기로 인해 재활에 성공한 듯 보여 감동까지 선사한다.
9788934977322,10,범람하는 글 관련 작법서들 중 독보적. 여러 권 사지 말고 이 책을 들이시라.
9788934977322,8,"유혹하는 글쓰기를 읽고...스티븐 킹의 ‘ 유혹하는 글쓰기’ 란 책은 한마디로 글 쓰는 것에 대한 방향을 구체적으로 제시해주고 있으며, 또 우리가 글 쓰는 것에 대해서 올바른 길잡이가 되 줄 것이라고 믿는다."
9788934977322,10,"재밌다.글을 쓰고싶어지게하는 책.스티븐킹을 몰랐는데, 이글을 읽고 특히 그의 글을 읽고싶어졌다. 어쨌든 많이 읽고 많이 쓰는게 정답이다."
9788934977322,10,"인생과 이야기, 유머, 기본적인 문법의 중요성, 주제와 글쓰는 마음가짐, 행복 그리고 덕담."
9788934977322,10,대부분의 글쓰기 책은 열심히 조언만 늘어 놓고 하나도 재미 없다. 이 책은 글쓰기에 대해 설명하면서 실제로 ｀어떻게 써야 하는가｀를 동시에 보여주는 좋은 책이다. 이 책을 읽는 분은 데릭 젠슨의 <네 멋대로 써라>도 읽어 보시길.
9788934977322,8,˝글쓰기란 작품을 읽는 이들의 삶을 풍요롭게 하고 아울러 작가 자신의 삶도 풍요롭게 해준다˝라는 저자의 말이 가슴에 와 닫는다.
9788934977322,8,"글로 유혹하는 방법 배워보려고 했다가, 그만 저자의 글솜씨에 유혹 당하고 말았다."
9788934977322,10,작법서를 쓴 줄 알았더니 이 양반 자기자랑 하고 있어ㅠ 그런데 재미있다. 왕께서는 항상 재미있으시니 문제다.
9788934977322,10,글의 유혹에 대한 불후의 입문서
9788934977322,8,유익하고 도움이되었습니다
9788934977322,10,글쓰기에 관심이 있다면 어떤 마음가짐을 지녀야 할 지 참조할 수 있다.
9788934977322,8,재능을 아껴서는 안된다.
9788934977322,8,유혹하는 글쓰기..작가는 수년간의 노하우와 느낌을 서술한다. 글쓰기란 진달래는 없애는 일로부터 시작하여 플롯은 의미가 없다는 말까지..
9788934977322,2,사고경위를 설명하며 억울해하는 스티븐 킹의 모습이 죄송하지만 귀엽다
9788934977322,10,글쓰기를 시작하려는 사람들에게 필독서
9788934977322,8,스티븐킹은 타고난 글쟁이라 보통사람에게는 큰 도움이 안돼요. 어린아이가 몇장짜리 소설책을 만들어 반친구들에게 팔아 용돈 버는 짓 따위.. 저는 상상도 할 수 없음요. 그래도 책은 재밌어요. 여러번 읽었죠. 진정한 재능이란 이런거구나 라며 이 불공평한 세상을 한탄하게 되는 효험이 있더군요.
9788934977322,10,참 기가 막힌 글쓰기 책입니다.
9788934977322,8,"세탁소에서 일하고 지하 창고의 책상에서 글을 쓰던 무명 작가의 나날, 드디어 캐리가 팔렸다는 소식을 듣고 난 직후, 그가 외출한 아내에게 이 소식을 전하기까지의 풍경묘사는 심금을 울린다."
9788934977322,6,사 볼 책은 아니다
9788934977322,10,"기교와 테크닉을 체계적으로 체득하고 정리하고자 한다면 다른책을 읽으라. 다만, 저자의 흥미진진한 생의 스토리와 더불어 글쓰기에 대한 영혼을 느껴보고자 한다면, 글에 대한 글, 스토리를 느끼고자 한다면 지금 당장 일독을 권한다."
9788934977322,10,"글쓰기 독본이나 지침서의 역할도 하고 있지만 그보다 스티븐 킹이 얼마나 재미있는 사람인가를 다시 한번 깨닫게 한다. 유쾌하고 명쾌한 에세이. 메인주의 호러킹이시여, 언제까지나 독야청청하시길."
9788934977322,8,"쓰고자 하는 열정, 일상생활에서의 소재떠올리기 등이 글쓰기의 핵심인 것 같습니다."
9788934977322,6,"킹 본인의 경험에 버무려 글쓰기에 대해 이야기 한다. 재미있다. 무척 사적인, 글쓰기 소개."
9788934977322,8,"스릴러 소설의 대가 스티븐킹의
개인의 체험과 경험으로 글쓰기에
대한 두려움을 없애주고 재미있게
잘 쓴 책입니다."
9788934977322,10,"글 쓰는 모든 분들에게 큰 도움을 줄 것이 확실한 지침서입니다.
가장 가슴에 남는 말은 많이 써라 많이 읽어라!!"
9788934977322,10,"자신을 꼬마괴력사라고 상상했던 다섯살배기 스티븐이 등장할때부터 푹 빠짐, 작가지망생뿐만 아니라 일반인들에게도 글쓰기입문서가 될 수 있는 책,무엇보다 재밌고 유용하다!"
9788934977322,10,글쓰기 노하우라기 보다 스티븐 킹의 개인 전기 성격
9788934977322,8,"글쓰기에 대한 팁도 있지만, 스티븐킹의 자전적인 이야기를 듣는 재미도 쏠쏠하다~"
9788934977322,8,흥미로운 이야기 때문에 이 책을 다 읽었다.
9788934977322,8,별 것 아닌 일도 재미있게 설명하는 재주가 있다. 뿡야!
9788934977322,10,"작가는 글쓰기에 대해 이야기 하고 있는데, 이게 소설을 읽는 것처럼 재미있다. 대단한 스티븐 킹"
9788934977322,10,"SF소설의 대가, 스티븐 킹이 조목조목 친근하게 알려주는 글쓰기의 흔한&흔하지 않은 오류들. 글이나 스토리 쓰시는 분들에겐 아주 큰 도움이 되는 책입니다^^"
9788934977322,10,"글쓰기,Wtiting...더운 여름날 우리집에서 가장 시원한 방에
엎드려 창문으로 들어오는 바람 맞으며 배깔고 읽은
보배로운 책.
이 은혜를 스스로 맘껏 펼쳐야 할 일인데.."
9788934977322,6,누구나 글을 쓰고싶게 만드는
9788934977322,10,글쓰는 방법만 설명하는 것이 아니라 더 좋은 것 같습니다.
9788934977322,8,우리가 따라할 수 있는 것은 천재들의 재능이 아닌 노력뿐이다.
9788934977322,8,"즐거움과 감동, 그리고 탁월함에 놀란다. 이젠 작가의 길은 멀지 않았다."
9788934977322,10,글을 쓰는데 이런 식으로 접근방법도....
9788934977322,6,나를 유혹하는 데에는 실패한 글.
9788934977322,10,좋아요!!
9788934977322,10,읽어보면 스티븐킹이 그냥 베스트셀러 작가가 된 것은 아니라는 것을 알게해 줍니다.
9788934977322,10,소설을 사랑하는 사람이라면 꼭 읽어봐야할 도서!
9788934977322,8,지금 읽고 있는데 흥미있음
9788934977322,6,스티븐킹스타일. 스토리작가를꿈꾼다면 한번쯤읽어볼만하다
9788934977322,8,좋은 것 같아요~
9788934977322,10,재밌습니다. 하지만 밥아저씨가 생각나요. 글쓰기 참 쉽죠? ㅠㅠ
9788934977322,10,글쓰는게 좋아서 구매하였다가 감성도 풍부해진 느낌..
9788934977322,10,"책장 장식용이 아니라, 내가 읽고 무엇인가를 이해할수 있길 간절히 기대하며 고른.."
9788934977322,10,"오후에 주문하고 다음날 오전에 받았어요~
배송은 정말 좋고 책도 너무 좋아요"
9788934977322,10,읽는 내내 스티븐킹과 노는 느낌!
9788934977322,10,공식이 아닌 이해
9788934977322,10,난 이 책을 읽어보라고 권해주고 싶다. 편하면서도 진솔해진다.
9788934977322,10,"무게잡는 대가의 훈수가 아닌, 옆에서 조곤조곤 편안하게 도움되는 얘기들을 들려준다"
9788934977322,6,소설가가 되고 싶은 사람들(특히 호러분야)에게 많은 영감을 줄만한 책!
9788934977322,8,글쓰기를 꼭 해보고 싶었는데 많이 도움이 되겠죠
9788934977322,8,작가의 에세이를 통해 글 쓰기를 가르쳐주는 지루하지 않은 글쓰기 책!
9788934977322,8,창작론이라기보다는 창작에 관한 에세이. 읽는 동안 재미있고 충분히 유익하다.
9788934977322,10,글쓰기에 관심이 있다면 일독을 권한다! '능동태'를 강조하는 부분이 인상깊었다.
9788934977322,10,스티븐 킹과 같은 삼촌이 있었으면 좋겠다고 생각했다!!
9788934977322,10,역시 오랫동안 팔리는 책에는 이유가 있다.
9788934977322,8,많이 쓰고 많이 읽기 그리고 즐기기. 스티븐 킹이 이 책을 통해 말하고자 하는 것들.
9788934977322,8,쉽게쉽게 쓰여있지만 배울 것이 많은 책!
9788934977322,10,킹의 마력~책곳곳에 밑줄긋게만드는 흡인력
9788934977322,10,스티브킹에 대한 재 발견을 하게 해준 유쾌하면서 결코 가볍지 않은 메시지들
9788934977322,10,제목부터 확 사로잡은 책으로 글쓰기 비결을 쉽게 알 수 있어 추천합니다.
9788934977322,10,"시종일관 유쾌했다. 
가볍게 다루었지만, 묵직한 메세지를 주는 책이라 여겨진다"
9788934977322,10,"한마디로 빨려드는 책이다. 스티븐 킹을 알게된 기쁨, 소중하다"
9788936471002,10,문장을 어떻게 강화시킬 수 있을지 궁금해서 읽어보았다. 나에게 글쓰기란 매우 어려운 일 ㅠㅠ 한번 더 읽어봐야겠다
9788936471002,10,구관은 과연 명관.번역투가 난무하는 현 시대에서 클래식한 한국어 문학에 대해 생각해 볼 수 있는 책
9788936471002,10,"1940년에 출판한 책이 지금까지 남아 있는 이유가 있다. 저자의 폭넓은 독서량과 탁월한 글솜씨가 체계적이고 상세한 설명으로 잘 나타나 있고, 구체적 설명을 위해 인용된 많은 글들은 교과서에서나 볼 수 있는 이상, 정지용, 이광수, 최남선, 염상섭 등과 같은 작가들의 보석 같은 문장들이다."
9788936471002,4,조금 어려웠어요.. 글을 잘 쓰고 싶은 마음에 구매했는데.. 글 읽는데 스트레스를 너무 많이 받아서 다른 사람에게 추천하기는 좀 그래요.
9788936471002,10,글쓰기에 도움이 되는 책이다. 결국 말이 글이 되어 나오는 과정 및 어떤 글을 올바르게 쓰기 위한 여러가지 예문을 두어 좋은 글을 쓸수 있도록 해준다.
9788936471002,10,글 잘쓰는 할아버지한테 듣는 글쓰기 강의 느낌이었다. 원리나 내용이 좋다. 반면에 이태준이 현시대 사람이었다면 SNS 글쓰기는 어떻게 생각했을까? 그런면에서는 우리시대의 [문장강화]가 필요하다는 생각.
9788936471002,8,쓰고 생각하고 살고... 언젠간 좋은 글을 쓰고 싶습니다.
9788936471002,10,도움이 되었어요
9788936471002,6,그냥
9788936471002,10,아름다운 작문책
9788936471002,10,글쓰기 문장론의 고전! 필독도서!!!
9788936471002,10,문장을 쓰는 데 매우 많은 도움이 되었습니다.
9788936471002,8,"확실히 오늘날에도 유효한 법칙들입니다만, 요새는 다른 좋은 책들도 많아서요. 실습을 원하시는 분에게는 비추. 빌려 보셔도 괜찮을 듯합니다."
9788936471002,10,"글을 쓰고자 한다면 허접한 입문서들 말고 작문의 기본부터 꼼꼼히 알려주는 이런책을 읽어야 한다. 이태준의 문장은 이상처럼 분열된 자의식을, 염상섭처럼 정치한 분석력을 보여주는 건 아니지만 그 자체로 완미하고 정확해 뭇 글쓰기의 표본이라 불릴만하다. 다시 읽어도 그 휘광과 진맛이 대단하다"
9788936471002,8,이상 시만 즐겨 읽다가 이 책에 수록된 이상 산문 보고 감탄하여 이상 산문을 찾아서 읽게 된 계기
9788936471002,10,매우 좋은 책이다. 그리 어렵지 않다. 무엇을 말하고자 하는지 명확하게 들어온다.
9788936471002,10,글쓰기 강화하고 싶어서 구입!!
9788936471002,10,한글의 아름다움을 살리고자 하는 노력이 점점 사라지고 있어서 안타까워요.
9788936471002,10,"읽으면서, 읽고나서 정말 깨달은 게 많음. 메모하는 것도 모자라 몇 번이고 다시 봐야할 책."
9788936471002,10,글을 쓴다는 것.
9788936471002,10,감사합니다
9788936471002,10,"책이 쓰인지 80년을 향해가는 지금, 아직도 신선한 내용들이 곳곳에 펼쳐져 있습니다. 이 책이야 말로 진정한 고전이라고 생각합니다."
9788936471002,10,"글을 쓰는데 있어, 첫번째로 참고해야 할 책."
9788936471002,10,100년이 흘러도 명성에 흠이 없는 고전.... 명불허전
9788936471002,10,문장이 强化되는 문장講話!
9788936471002,10,"이 책을 읽으면 저자 이태준 선생이 정말 대단한 실력자임을 느낄 수 있습니다. 일생을 살며 가까이 해야 될,우리의 명작, 강추합니다!"
9788936471002,10,"탄탄한 책이네요! 직접 보진않고 추천만 받아서 살까말까 망설였는데, 사길 잘했어요!"
9788936471002,10,도움이 될 것 같아용
9788936471002,8,좋은 가르침이란 헤멤을 배제하고 바른 길로 안내하는 것. 다만 앎과 체득은 다르다
9788936471002,8,"읽을 때는 재미없는 고전이었는데, 글을 쓰려고 보니 뭔가 달라졌다는 걸 알았다. 흠."
9788936471002,10,이렇게 살뜰한 설명 이렇게 훌륭한 예문 예전에 못보던 글입니다. 깊은 감명 받습니
9788936471002,8,정말 도움이 많이 되어요 적확한 문장 쓰기를 배우게 됨
9788936471002,10,"아직 다 읽지 못했지만, 작문에 관심이 있는 사람이라면 꼭 읽어야할 도서가 아닐까"
9788936471002,10,빠른배송 감사합니다.
9788936471002,8,읽을만 함
9788936471002,10,생소한 어휘의 뜻풀이로 보다 쉽게 접할수있게된 작문의 기본이자 심화
9788976413819,8,독서과제때문에 평생 읽지않을것 같은 분야의 책을 접하게되었는데요 책의 생김새와는 다르게 흥미롭고 재밌는책이네요. 별하나 뺀것은 이 책의 표지디자인과 편집에 있어서 책의 호감도를 상당히 떨어트리는데 그 부분만 개선된다면 교양서로서 좀더 인기있을듯 싶네요.
9788976413819,10,소설을 쓰고 싶은 이들에게도 추천해 마땅하다
9788976413819,10,틈틈히 읽어보기에 시간가는 줄 모르는 책!
9791189346140,10,"오랜만에 알차고 좋은 책 만나게 돼서 기뻐요. 프루스트와 관련된 책을 여러 권 읽어 봤는데, 두께는 가장 얇지만 무게감과 깊이 면에서는 다른 책들에 결코 뒤지지 않습니다. 그리고 책을 읽으면서 본문이 아닌 미주에 이렇게 많은 밑줄을 치며 읽어본 적은 없었어요.. 역주가 정말 훌륭합니다ㅎ"
9791189346140,10,주옥같음. 수용소에서 자료도 없이 몇년전에 읽었던 기억만으로 이 수준이 가능함? 번역 류재화 교수의 미주도 좋음.
9791189346140,10,눈에 훤히 보이는 홍보는 책의 가치를 깎아 내립니다. 프루스트를 좋아하고 풍월당을 응원하는 독자로서 한 마디 남겨봅니다.
9791189346140,10,"제목만 보고, 프루스트만 보고 주문했는데... 소갯글 읽어보니 놀랍군요. 밤의책? 처음 듣는 출판사인데...풍월당이란 곳에서 하는 브랜드군요. 두근두근 기다립니다. 와우!!"
9791189346140,10,"프로수용소에서 불안을 견디기위해 프루스트를 읽고 강의했다니, 정말 기대되는 책입니다. <잃어버린시간을찾아서>를 3권에서 포기했는데 이 책때문에 다시 완독을해야할것같습니다."
9791189346140,10,"아름다운 음반가게 풍월당에서 문학깊이읽기 기획으로 내놓은 밤의책. 10여년을 쌓아온 만만찮은 저력이 반영된 브랜드북. 먼저 옮긴이의 말 <프루스트의 구조,두 개의 바닷물>부터 읽어보시라. 문학의 대산맥 <잃어버린 시간을 찾아서>를 완독할 에너지가 즉시 충전된다. 한마디로 어마어마한 책!!!♡"
9791189346140,10,"놀라운 책이다. 주문완료! 바 풍월당은 음악책을 계속나와서 놀랬는데...  책 만듬새도 너무나 정성스럽고, 함부로 읽는 가벼운 책들이 아니다. 그런데 이 밤의책의 브랜드를 만들어 다시 출간하는 모양이다. 앞으로 밤의 책 브랜드로 문학책을 내려나보다. 이 책은 제목과 표지만 보아도 짐작이 간다."
9788996283706,6,뒷부분은 크리스토퍼 보글러 책의 일본식 다이제스트라고 봐도 무방할 것 같음. 오히려 전반부가 괜찮았음.
9788996283706,10,"단편적인 아이디어만 내놓고 그 이상 어떻게 써내려가야할지 갈피를 못 잡을 때, 참고하기 좋은 책같습니다."
9788996283706,8,내용이 좋기는 하지만 맹신은 금물. 어디까지나 참고용으로 삼는게 좋을거 같다.
9788996283706,6,"전반부는 이야기에 대한 쾌쾌묵은 신비성을 깨고, 이야기에도 공학적으로 접근 가능하다는 사실을 문학 이론을 토대로 전달하고 있습니다. 그에 비해 후반부는 즉시 사용할 수 있는 실용적인 창작 메뉴얼을 알기 쉽게 정리하고 있어 곁에 두고 그때그때 참고할 만한 지침서 역할을 하는 구성입니다."
9788998614003,8,"우리 삶은 문학이라는 큰 테두리안에 존재한다. 수 없이 쏟아지는 정보와 이야기 속에서 나와 동일시하는 부분을 찾아 꺼내거나, 트라우마로 자리잡혔던 고통까지도 예술이라는 이름으로 재탄생된다."
9788998614003,8,어려운 용어없이 친절하게 설명해준다. 그러나 뒤로 갈수록 주제가 힘이없어진다
9788998614003,8,문학으로의 친절한 안내자.
9788998614003,10,이 책 읽으면 어렵기만 한 문학 읽기가 한결 쉬워질까 싶어 구매했습니다. 품절인 서점도 있던데 알라딘에서는 구할 수 있어서 반가웠어요.
9788998614003,6,"저자소개에 ˝2004년 봄 『문학동네』에 <암흑의 핵심을 포복하는 시시포스의 암소―방현석론>을 발표하며 평론가로 데뷔˝했다고 되어 있는데, 이 말은 어쩌다 잡지에 글이 실리게 되면 저절로 문학평론가가 된다는 말인가? 문학동네 신인상 공모 수상자 명단에는 이름이 없던데."
9791156333012,10,"글쓰기의 기본과 소설 작법의 비결이 잘 어우러진 책으로 작가 지망생, 집필에 뜻을 둔 사람들의 성배가 될 수도 있을 책이라 할 수 있다. 집필진은 모두 66명의 노련한 작가들이고 자신들의 노하우 66가지를 전하고 있다. [넷플릭스처럼 쓴다]는 한국어 제목이 거슬리긴 하지만 내용은 충실하다."
9791156333012,10,"작법서는 자칫 작가의 개인사나 자기자랑 같은 창작일기로 흘러서 실제 도움이 별로 안 되는 경우가 많은데, 이 책은 간결하고 명확하게 ‘잘팔리는 글을 쓰려면 이렇게 해야 한다‘고 알려줘서 직접 쓰는 입장에서 큰 도움을 받았다."
9791156333012,2,이 책의 원본은 ‘넷플릭스‘와는 전혀 상관이 없습니다. 이미 ‘Now Write 장르 글쓰기 1 : SF 판타지 공포‘라는 번역서로 출간이 되었었고요. 저는 해당 출판사의 원 번역서와 원서 둘다 산 독자입니다. 그런데 멀쩡한 책은 절판시키고 ‘넷플릭스를 쓴다‘라뇨. 이런 상술은 너무하다는 생각이 드네요.
9788954656061,10,어쩌다보니 ‘오픈예일코스‘ 시리즈를 현재까지 출간된 순서로 다 읽게되었다. 그 중에서 이 책이 가장 어려웠다. 녹록하지 않은 문학이론들을 다룬 내용을 읽으면서 녹취한 강의내용을 십 여 차례 반복해서 듣는 정도의 노력을 기울여야했다. 각 장마다 읽어올 거리가 제시되어있다.
9788960177857,8,살짝 고등학교 때 국어교과서 같은 느낌이 들긴 하지만...
9788960177857,8,"캐릭터 중심으로 한 이야기 작법서다. 캐릭터를 작위적으로 분류해서 애써 설명하지 않아도 알 수 있는 것처럼 보일 수 있으나, 작가 자신의 이야기 창작 경험을 통해 말해주고 있어서 실용적이면서 흥미롭다. ‘반지의 제왕‘ 분석은 훌륭하다."
9788960177857,10,굉장히 도움이 됩니다 양질의 작법서입니다 석연찮았는데 잘산거같아요
9788960177857,6,가볍게 읽어볼 만한 작법서 같다. 분류별로 정리가 잘 돼 있어서 시간 때울때 읽기 좋음. 이북으로 사서 읽는게 더 편한 책.
9788960177857,8,글쓰기에 도움이 상당히 됩니다 다만 어려움도 같이 느끼게 해 주는 군요
9788960177857,2,"글쎄..맛집 요리를 분석한다고해서 그 맛을 똑같이 낼 수 있을까? 캐릭터는 상황,타이밍,무대의 조합으로 ｀드러나게 하는 것｀이지 패턴과 공식이라는 인공적 산물이 아니다.외려｀패턴화｀는 창작자의 ｀가치판단｀이 따르는 탓에 평면적인 캐릭터만 만들어낼 뿐이다.창작은 여전히 기술일 수 없다."
9788960177857,10,창작을 하는데 자신의 이야기 속 등장인물이 생각처럼 움직여주지 않는다면 이 책을 읽어보길. 자신이 만든 캐릭터의 '어떤 장치'가 망가져있는지 돌아볼 수 있게 해주는 책이다.
9788960177857,8,캐릭터에 관한 규칙들을 합리적으로 설득시킨다. 시점에 관한 부분이 특히 좋았다 예시가 많아서 각 시점의 특징을 비교하며 읽을 수 있었다.
9788960177857,10,여러모로 도움이 많이 되는 책
9788960177857,8,"소설 속 캐릭터를 다른시각으로 보고싶을때, 나만의 소설속 캐릭터를 창작하고싶을때 요긴한 도서입니다. 추천합니다."
9788960177857,6,"글쎄요... 작가 이름에 걸고 생각한 기대치만큼은 아닙니다. 눈이 번쩍 뜨일 만한 내용도 없고, 무난한 수준. 이런 책도 있구나 하고 읽어서 나쁘진 않았습니다."
9788960177857,10,근래 읽어 본 작법서 가운데 가장 명쾌하고 속 시원했다.
9788936471620,10,"구판은 대학원 때 정말 열심히 읽었는데, 목차를 보니 많이 업그레이드 되었네요. 꼭 사서 읽어야 겠네요."
9788936471620,8,개인적으로는 구판의 내용이 더 좋았던 것 같아요.
9788936471620,8,근대 이전의 문학사에 대해 테마별로 심도있게 다루고 있어서 좋습니다.
9788936471620,10,대학원 교재라 구입했습니다.
9788936471620,8,우리 민족문학사의 핵심을 다양한 논문을 통해 보여주는 책
9788942340347,8,˝교술˝은 결국 문학사에서 시도 아닌 소설도 아닌 희곡도 아닌 장르를 다 통털어 가리키는 용어 잖아요? ㅎㅎㅎ
9788942340347,8,신화와 전설에 대해 생각하게 되었고 갈래 구분 재밌었어요.
9788942340347,10,원하는 책을 빠른 배송으로 잘 받아서 매우 만족합니다
9788942340347,10,고전문학사 시간에 읽게되었는데 내용은 좀 어렵지만 이해하고나니 많은것들을 배웠다
9788942340347,10,대학교 교재라서 일게되었는데 도움이 많이 되었어요
9788942340347,8,고전을 알기위해서는 반드시 읽어야 하는 필독서입니다. 내용은 딱딱하고 어렵지만 꼼꼼히 읽다보면 저자의 능력에 감탄하게 되는 정도!
9788942340347,10,필독서. 중세 전기까지.
9788942340347,10,우리누나도 샀다
9788942340347,10,좋아여!!
9788942340347,10,"저자 특유의 어투가 거슬릴 때도 있지만, 3판보다 더 좋네요:)"
9788942340347,8,좋아요^^
9788942340347,10,양이 방대하지만 이야기책을 읽는 것처럼 술술 읽혀요~
9788942340347,10,재미있으면서도 심도있게 읽히는 책입니다...
9788942340347,10,쉽게 잘 쓰여진 책 입니다. 꼭 읽어봐야 할 문학책 입니다.
9788942340347,10,좋은책이라고 생각합니다 한국문학에 대해 잘 정리되어 있는 책입니다
9788942340347,10,문학을 하는 사람이나 하려는 사람들의 지침서 이다.
9788954639668,8,"문학 비평 이론에 대한 독특한 소개. 전통적인 주제에서 시작하여, 모던을 지나, 컨템포러리한 관점에 이르기까지. 길지 않지만 다양하고 다채롭다."
9788954639668,8,문학이론을 처음 접하는 독자가 읽기에 살짝 어려운 감이 있지만 좋은 책이다. 기대한 것과는 조금 다른 느낌이었지만 만족한다.
9788954639668,10,"기존의 동문선판에 비해 참고문헌이 훨씬 깔끔하게 정리되었다. 보기에도 편하고, 국내 번역서들도 나란히 적혀 유익. 역자후기에도 별도의 추천도서들이 언급되고 있으니 놓치지 말자. 원서 개정판에 따라 본문에 소제목이 달려 읽기가 더 수월해졌고, 새로운 장 <윤리학과 미학>이 추가된 점도 좋다."
9788931005691,10,"오래전의 인문철학다운 현학과 수사 탓에 읽기가 버거워 재독을 미루고 있어요. 하지만 그 영롱한 첫 문장, 그리고 소설이 좀 더 깊고 높은 곳을 지향하던 시절에 대한 향수 때문에 계속 시도하려는 책입니다."
9788931005691,8,"말 그대로 ‘소설‘의 ‘이론‘을 기대하고 읽는다면 첫 장을 넘어가지 못 할 것이다. 문학에 대한 에세이, 혹은 소설에 대한 소설이라 생각하고 읽는다면 완독이 가능 할 듯. 루카치에 대한 번역자의 다른 저서들을 참고하며 읽는 것이 좋다."
9788931005691,10,서문에서 찌그러진 나. 개념 공부하고 다시 오겠습니다헤겔도...
9788931005691,8,메모 해 둔 책..... 이제야 keep해 놓네여언젠가 읽으려합니다.
9788931005691,8,"반성완의 번역과 비교할 때, 지나친 직역이라는 인상을 지울 수는 없다. 그러나 읽고 나면 역시나, 루카치구나. 하는 생각. 러시아 소설에서 희망을 보는 젊은 루카치가 참 아름답고 낭만적이라는 생각을 하게된다. 반성완의 역본과 달리 부록으로 붙어 있는 도스토예프스키 관련 글들은 귀중한 자료다"
9788931005691,10,재야 저술가 김상천의 {텍스트는 젖줄이다- 대중서사론 입문}에서 경전급으로 다루어졌길래 구입하게 됨
9788931005691,10,처음 구입하는 루카치 책이다. 반값이길래 바로지름
9788931005691,10,학창 시절 소설론 수업 시간에 필독서라서 처음 읽었을 때 감동이었다. 소설 비평문/이론서가 이토록 아름다운 문장으로 써질 수 있다는 것에 놀라움을 금치 못했다. 이론 자체는 별로 수긍이 안 갔지만. ^^;
9788931005691,8,어렵고 수고스럽게 읽은 만큼 소설을 보는 안목이 자라 있을 것이다.
9788931005691,10,소설 이론 탐구의 기본서
9788931005691,10,"소설의 이론이 단지 이론(서)으로만 와닿지 않는 것, 바로 이책의 묘미는 아닐지."
9791158963347,8,"오랜만에 만난 좋은 길라잡이. 최근의 문예이론과 새로운 연구 경향에 대해 알 수 있었던 행복한 시간. 특히 포스트구조주의, 탈식민주의, 페미니즘에 대한 이론이 흥미로웠다. 앞으로 더 읽고 고민할 방향을 알 수 있었다는 것이 가장 큰 수확"
9788932027715,8,"『무한화서』가 에세이 스타일 산문이라면, 『불화하는 말들』은  斷章 스타일의 짧은 시 같아서 읽는 맛이 각각 다릅니다. 영어 단어 암기장처럼 쏙쏙 들어오는 글쓰기 충고 좋아요."
9788932027715,2,골프 치는 이성복이라니! 더군다나 대학원생이 받아적은 강의록이니라니!
9788932027715,10,"한 자리에서 다 읽고 다시 읽는 중이다. 시가 아니어도 내가 사는 하루, 내가 하는 일, 내 행동과 마음가짐에 대입해보고픈 말들이 많다."
9788932027715,10,"시 쓰기 뿐만 아니라 글 쓰기에 대해, 나아가 말에 대해 뭔가 실감을 준다."
9788932027715,10,좋은 말들이 가득가득
9788932027715,10,정말 좋습니다.
9788932027715,8,"시인이 시를 쓰는 것이 아니라 말이 시를 쓴다. 포즈를 경계하고, 정성에 귀 기울이고, 아파하면서도 동시에 아픔을 물끄러미 바라봐야하고, 견딜 수 없는 이별처럼 쏟아내야 한다."
9788956993409,10,드디어 전자책으로 나왔군요
9788956993409,6,이 책도 나온지 33년이 지나 내가 그동안 보았던 글쓰기 책과 중복되는 게 많아 큰 임팩트는 못 느꼈다. 그럼에도 (특히 문학 창작 ) 글쓰기 초심자라면 글쓰기 강좌보다 이 책을 읽고 꾸준히 실전 활용해보면 도움이 될 거라고 생각한다.
9788956993409,10,"정말 좋은말이 많이 있었어요. 실질적으로 도움이 많이된 책이에요. 뻔한 말이아닌, 경험에서 나온말들이 더욱 인상깊었어요. 천천히 읽다보면 나도 모르게 영감이 자꾸 떠올라서 읽는 것을 멈추게되었는데, 그래서 이 책을 다 읽는데 오래걸렸네요."
9788956993409,10,중요한 건 ‘How to~‘가 아니라 ‘Just do it‘이다.글쓰기 그 이상으로 읽힌다.
9788984311800,6,‘문인 대 문인‘으로 살펴보는 문학사.
9788984311800,8,"일반 독자가 읽기에는 좀 어려운 감이 있으며, 문학적인 면을 중심으로 논의하고 있음"
9788984311800,8,차이을 읽는 즐거움. 그러나 몇몇은 굳이 라이벌로 만들 필요까지 있었나?
9788975275067,10,블로그 운영할 때 많은 도움이 되었던 책.그 당시 일 방문자 3~4천명 하던 때였다.모두가 이 책 때문이라고 할수는 없지만 글쓰기 잘하기를 원하는 분에게 꼭 추천하는 책이다.
9788975275067,8,작법실용서를 기대했는데 음...대입 논술대비반에서 선생님이 강의해주시는걸 읽고있는 것 같다.
9788975275067,8,글쓰기에 관심이 있어 글쓰기 책을 몇 권 구입했는데 이 책이 제일 유익하네요
9788975275067,8,글쓰기가 어려운 분들에게 추천할 만한 책..
9788975275067,10,글을 쓰고싶은데 그저 막막하다.. 이럴때 추천!
9788975275067,10,글쓰기에 관심있다면 일단 읽자.
9788975275067,10,책 구입후 아주 많은 도움을 받을 수 있어 좋은 책이라고 생각합니다. 정말 감사합니다.
9788975275067,8,감사합니다.^^
9788975275067,10,글을 쓰기전에 이책을 한번 보고 나면 많은 도움이 될 것 같습니다.
9788975275067,10,"글쓰기 교본 중의 하나, 내용이 평범하나 얻을 것이 많다..."
9788975275067,10,책 구성이 좋구 알차네요!!
9788975275067,10,제가 본 글쓰기 책에서 가장 도움이 많이 됐어요. 깊이도 있고 쉽게 쓰여진 점이 장점
9788975275067,8,"글쓰기의 정석, 그래서 더욱 가치가 발한다."
9788975275067,8,글쓰기 바이블 같은 책이었는데
9788975275067,10,학교 교재라서 샀는데요 제목 그대로 글쓰기의 전략이 적혀있어서 좋아요!
9788975275067,10,논술공부 할 때도 좋아요 ㅋㅋㅋㅋㅋㅋㅋㅋㅋ
9788975275067,4,어디서 샀는지 기억안남. 재미없어! ㅠㅠ
9788975275067,8,글쓰기를 하는데 포인트를 얻을수 있는 유용한 책
9788975275067,4,잘받아서 열심히공부하고있습니다
9788975275067,8,소장가치 있는 책인듯! 잘 읽어보면 도움이 많이 될 것 같습니다.
9788975275067,8,글쓰기에 쉽게 접근할 수 있도록 되어 있는책..
9788975275067,10,글쓰기에 도움되요. 유익한 정보가 있어요.
9788975275067,10,"나만 가지기 아까워서 다른 사람한테 주고 나도 또 한번 산 책, 그만한 가치 있음."
9788975275067,8,좋은 자료를 예로 쓰고 있어서 더 좋은 것 같습니다.
9788975275067,10,재미있게 읽어 보았습니다~!!
9788975275067,8,쉬운 글쓰기란 없는것 같다. 잘못된 방향으로 가지 않게 방향을 제시해준다
9788937415098,8,발터 벤야민의 중요한 에세이와 논문이 실렸다. 선집의 장점이란 이런 게 아닐까. 한 권으로도 전부를 가진 듯하다. 그러나 지금 여기 벤야민의 의미를 읽어내는 몫은 당신에게 달렸다.
9788937415098,10,"발터 벤야민의 저작에 대한 분위기, 그가 말한 아우라, 그 자신의 아우라를 파악하는데 좋습니다. 뒤에 붙은 해설이 특히 그 저작의 전반적인 개요를 파악하는데 도움을 줍니다."
9788937415098,10,벤야민의 초기 소품들과 중요 문예비평론이 발췌 및 편역되어 있는 책입니다. 벤야민이 해당 책을 단행본으로 낸 것은 아닙니다. 물론 역자가 중요 작품을 선별하는 능력이.탁월하긴 합니다. 해당저서에서 이야기꾼에 관한 논문하나만으로도 이 책은 충ㄴ한 가치가 있습니다
9788937415098,10,"반성완 교수님의 스테디 셀러, 좋은 번역, 판본도 과거 조판 판본. 옛생각이 나는 책."
9788937415098,10,벤야민의 책이니 두말 않고 선택한다!
9788937415098,8,문예론의 고전이다 아우라 개념을 통하여 예술과 종교 그리고 문예비판을 시도하고있다
9788937415098,10,고전. 여전히 빛을 잃지 않는다. 비밀의 문고리를 단 책. 문을 열 때마다 다른 시간들 속에 고인다.
9791189683337,8,김정선의 『열 문장 쓰는 법』 은 짧은 문장을 강조하는 요즘의 글쓰기에 그럼에도 긴 문장을 써보도록 노력하는 의미를 일러준다. 짧은 한 문장도 생각을 넓혀서 다양한 방향으로 글을 써가는 연습을 예시로 보여준다. 그 예시를 따라 내 글을 써보려 하니 마치 현장에서 배우는 글쓰기 수업같이 느껴졌다. 같은 글도 수시로 고쳐보고 다양하게 늘려보고 쓰다 보면 그렇게 쓰인 문장을 모아 하나의 글이 되기까지 교정을 전문으로 해온 저자의 경험과 이전에 출간된 저자의 책에서도 느꼈던 과정에서 조금 더 깊이 설명된 책이었다.
9791189683337,8,"놓치고 있던 글을 왜 쓰려고 하는지, 누구에게 읽히고 싶은지에 대해서 생각했습니다. 또 엉뚱하다던가 기가 차다던가 암튼 그런 말의 맥락을 지닌 내가 빠진 오류를 찾게 된 기회가 되었습니다."
9791189683337,10,"가격과 표지,편집 디자인에 경악을 하는 책이지만,다른 의미로 탄성을 지르게 되는 책입니다. 글쓰기 관련 부터 시나리오/소설 작법까지 두루 봤지만 제가 원초적으로 고민했던 문장짓기에 대해 ‘깨달음‘을 준 책입니다."
9791189683337,2,‘랄까요‘... 한두 번도 아니고 일본식 어구의 반복이 눈에 거슬리기만 합니다. 9000원 주고 살 책은 아니네요.
9791189683337,6,"나에겐 그다지. 내가 평소에 하는 노력, 대학교 및 로스쿨을 다니는 과정에서 배운 어떤 습관에 대한 이유와 이론적인 근거를 봤다고 할까."
9791189683337,10,"가장 인상적으로 읽은 글쓰기 책. 보기 좋은, 읽기 좋은 문장을 쓰는데 큰 도움이 될 것 같다.책 모양에 신경쓰는 분들이 있는데 내용만큼은 가격이 절대 아깝지 않은 책이다."
9791189683337,8,대부분의 사람들이 그렇게 생각할 겁니다. ‘한국 사람이 한글로 글쓰는게 뭐가 어렵다고 글쓰는 법에 관한 책을 돈주고 사서 봐야하냐‘고..하지만 써본 사람들은 앎니다. 공부해야 함을. 써 봅시다.
9791189683337,2,"처음 댓글 달아봅니다.  스트레스를 너무 많이 받아 창작욕구로 해결하고자 글쓰기책을 여러권 사서 읽는데, 그 중 이책은 정말 안읽히네요. 랭킹이 높아 너무 기대를 했나봅니다."
9791189683337,2,아..이책 뭔가요.무슨 70년대 책같아요. 9000원이 아니라 900원짜리 같은..서점가서 미리 좀 볼것을..
9791189683337,10,"나는 글쓰기를 잘 못하는 사람인데, 이상하게 글쓰기 관련 책들에 대한 거부감이 있었다. 주로 피상적인 처방들이 들어있는 책들만 보아서 그런 것일 수도 있다. 그런데 이 책은 달랐다. 물론 이 책을 다 읽는다고 글을 잘 쓰게될 것 같지는 않다.노력은 해볼 것같다."
9791189683337,2,책이 나오자 마자 구입한 사람들은 포스터를 못 받았네요. ㅠㅠ 너무 서운합니다.작가님 책 엄청 좋아해서 바로 구매 했는데이럴수가.
9791189683337,6,생각보다 책이 얇고 종이도 얇아요. 책날개가 없어서 북마크도 따로 해야하고 책 크기가 많이작아요. 책이 세로로 길어서 한줄에 들어가는 글자수가 몇자 없는데다 글씨까지 크니 가독성이 많이 떨어져요ㅠㅠ 이런걸 문고판이라고 하나요? 펭귄북스 재질입니다...
9791189683337,8,"단품으로 주문했는데, 박스 속에서 흔들려서 그런지 날개가 없어서 그런지 코팅이 몇 군데 벗겨졌습니다 참고 부탁드려요 (ㅠㅠ) 책은 예쁘고 읽히기 좋게 돼 있습니다 잘 볼게요!"
9791189683337,10,"저도요, 김정선 님 책은 앞으로도 무조건 구입할 예정!"
9791189683337,10,유유와 김정선 이름으로 무조건 구매 주문 했습니다.
9791156331445,4,생각보다 큰 도움은 되지 않는 듯
9791156331445,10,다른 작법서에서는 다루지않거나 두루뭉실하게 넘어가는 부분을 비교적 명쾌하게 설명해줘서 많은 도움이 됐습니다.
9791156331445,10,글을 쓰는 사람이라면 한 번 쯤은 읽어보면 좋을 책입니다.
9791156331445,6,"구조적인 글쓰기가 궁금하다면 읽어볼 법하다. 하지만 다른 작법서들과 비교해 유난히 특별하다거나, 유익하다는 의견에는 동의하기 어려움."
9791156331445,8,전자책 어서 발간해주세요. 조금이라도 책값 아끼고 싶어서요. 종이책 가격이 너무 비싸요.
9791156331445,10,소설 뿐만 아니라 글쓰기에 관심있는 모든 사람에게 일독을 권하고 싶은 책! 꼼꼼하게 읽느라 오래 걸렸는데 다시 읽을 예정입니다. 번역이 매우 훌륭! 입에 착착 붙습니다. 작법서 싫어해서 한 권도 안 읽었는데 이건 매우 아끼는 책이 될 것 같아요.
9791156331445,8,"소설쓰기에 도전하는 사람들에게 도움이 되는 책이다.작법이야 저자의 의견을 따르지 않아도 되겠지만,작가로서 살아나가기 위한 솔직한 지침들은 참고해도 좋다."
9791156331445,10,올해 목표는 단편소설쓰기 완성.. 참고서로.. 근데 책값비쌈.
9791156331445,10,"작법서로서 구판이 너무 내용이 좋음에도 번역이 아쉬어, 원서를 사 읽었었다. 꼭. 꼭 읽어보실 권하는 책."
9788932027722,10,작은 경전이다 아끼고 아껴서 읽는다 읽고나면 무의식처럼 시쓰기에 반영될것 같은 느낌적인 느낌일단 게으르지 말자알면서 게으른 건 죄악. 이 시리즈 강추
9788932027722,6,시에서는 폼 나는 말을 안 하는게 폼나는 거예요
9788932027722,10,매 글들이 너무 좋아요. 살아가는데도 도움이 될 것 같아요.
9788932027722,10,시 창작하는 이들의 필수 도서가 아닐까 생각해 봄. 이성복 시인의 깊은 사유를 같이 느낄 수 있어서 좋은 책이라 생각합니다.
9788935652860,4,지라르 책중에 젤 어렵다. 읽기 빡심.
9788935652860,8,"그래도, 환상을 깨고보면 내가 원하는 낭만이 아닌 타인이 바라는 낭만을 내가 꿈을 꾸고 있지 않은가. 나를 위한 소망, 꿈 미래가 찾기를 바라며 읽은 책"
9788935652860,6,연예인 빠순이의 심리를 이해하는데 이 책이 도움되다니-----
9788935652860,10,"읽고 나면 문학의 구조가 보이고, 이전에 느끼지 못했던 감동까지 얻을 수 있을 것이다."
9788935652860,8,서양 문학과 정신사의 얼개를 가늠해 볼 수 있는 책입니다.
9788935652860,10,"소설 공부(평론이든, 습작이든, 양질의 감상이든)하는 이들에게 즐거움을 안겨주는 교양서. 현대 사회에서 욕망의 구조를 밝히는데 탁월한 식견을 보여줌."
9788935652860,10,읽는 내내 전율이..굉장한 책이네요.
9788935652860,10,문학 전공자의 필독서!
9788935652860,10,준비된 상품 먼저 발송해주셔서 감사합니다.
9788932906843,8,책 자체는 읽을만은 했는데 솔직히 나한텐 논문 쓰는데 직접적 도움은 안 됐다.
9788932906843,10,석사과정생들에게 특히 도움이 많이 될 책이다. 자기 전공 학문의 단점과 그럼에도 불구하고 갖는 장점들을 파악할 수 있다.
9788932906843,10,저자의 깊이와 통찰이 느껴지는 유용하디 유용한 책.
9788932906843,6,진짜 실제로 이러나요.?
9788932906843,10,실용적인 부분들이 있어 깜짝 놀랐어요.
9788932906843,10,움베르트에코가 알려주는 글쓰기 방법에 대한 책. 좋아하는 작가의 책이라 논문 목적 외에도 재미있게 읽고 있어요.
9788932906843,10,웃기며 유익하다. 급해서 지푸라기를 잡았는데 그것이 웃기는 지푸라기였다! 이런 책이 있어서 다행이다. 특히 악조건 하에서도 권위 있는 논문을 쓸 수 있다는 말이 위안이 된다.
9788932906843,10,논문을 쓰기 전에 한번쯤 읽어보면 마음에 도움이 되는 책이라고 생각합니다. 리커버의 장정이 아주 멋져서 새로 구입했습니다.
9788932906843,8,정석으로 논문쓰기 방법. 서론본론결론각주인용에서 막힐때 참고할만해요.
9788932906843,10,이 책 예~~~전 구판에서 에코 특유의 유머 감각이 돋보였던 책.
9788932906843,6,책내용이 어렵네요
9788932906843,10,"천재는 뭔들.,,,."
9788932906843,10,"실질적인 도움을 주는 가이드북. 논문쓰기에 국한 된 것이라기보다, 좀 더 폭넓게 보면 , 인문학적 글을 잘 쓰기위한 유용한 가이드라고 하겠다."
9788932906843,8,에코가 알려주는 글쓰기 방법. 한국이나 이탈리아나 학생들이 궁금해 하는 것은 비슷.
9788932906843,10,이 책은 논문을 쓰기 시작한 사람을 위한 책이다.처음 논문을 쓰는 사람들에게 다가오는 막막함을 조금이나마 해소시켜 주는 책이다.특히 주제 선정과 자료 수집 과정을 어떻게 해야할지 자세하게 설명해주고 있어 상당히 유익하다.우리나라 논문 체제와 맞지 않는 부분은 고려해야한다.
9788932906843,10,논문 쓰는데 도움이 많이 되었습니다.
9788932906843,8,논문쓸때 참고하려고‥
9788932906843,10,"논문을 써야할 순간이 오게 된다면
누군가의 입에서 반드시 이책의 이름을 접하게 된다
그리고 나는 아직 내가 가진 의문을 이만큼 해소시켜주는 책을 찾지 못했다"
9788932906843,8,지도교수에게 이용당하지 않는 법이라는 엄청난 챕터가 있음!
9788932906843,10,"논리적인 글읏 쓸 때 실제로 활용할 수 있는 방법들이 시원시원하게 제시되어 있습니다. 이를테면, 카드작업에 관해 설명하면서 곧장 따라할 수 있게 이끕니다"
9788932906843,8,대학원에 간 나에게 많은 도움을 준 책
9788932906843,10,딱딱한 이론적 기술적 설명이 아닌 논문 작성이 무엇인지 근원적인 물음에서 친근한 선배의 조언같은 자연스런 설명이 계속되어 있어서.
9788932906843,10,"이 책만큼 특정 유형의 글쓰기에 대해서 구체적인 조언을 담고 있는 책이 흔치 않다. 다른 글쓰기 관련 서적이 대부분 글쓰기 일반을 두루뭉실하게 다루는 데 반해, 움베르트 에코는 정말로 논문 하나를 지도하듯이 학생을 붙잡고 놓지 않는다."
9788932906843,10,논문을 쓰는 잘 쓰는 방법에 대한 불멸의 텍스트.
9788932906843,8,연구의 방법은 변해도 좋은 방향과 태도는 변하지 않는다. 그것이 이 오래된 책을 읽어야 하는 이유이다.
9788932906843,2,그런대로
9788932906843,10,학사나 석사를 앞두고 전공에 대한 회의로움을 느낄 때 전체적인 시각을 확보했다
9788932906843,10,오래동안 사랑받고 있는 전통 논문쓰는 법에 대한 책..
9788932906843,10,공부하다가 의기소침해질때 보면 좋은 책.. 그리고 논문잘쓰는 방법을 가르쳐주는책
9788932906843,6,논물 잘 쓰는 방법은 특별한 방법이 없다. 많이 읽고 많이 쓰는 것 뿐이다.
9788932906843,8,논문 처음 쓰는 사람들에게 도움이 되는 책.근데 예문이 다른나라꺼라 잘 와닿지 않
9788984313194,10,"훈계조차 시적이다!하지만, 시란 이래야 하고 저래야 하고 등등작가의 개인적인 생각과 비판이 많다.안도현님의 생각에 맞춰 쓰면모두 훌륭한 시가 되는가 의문이다."
9788984313194,10,"너무 좋은 책입니다. 시를 쓰고싶다면, 글을 쓰고 싶다면 꼭 읽어야 할 책이네요. 여러 작가의 시와 글들을 만날수 있어 더 좋았습니다"
9788984313194,10,존경받는 사람들의 말을 잘 정리하여 알려주는 책.
9788984313194,10,칠순을 넘기신 어머니께 선물로 사드린 책. 안도현 시인께 그저 감사할 따름...
9788984313194,8,"시 공부를 시작하는 사람이라면 한 번쯤 읽어도 될 책이라 생각됩니다. 하지만 현대시작법의 내용을 너무 많이, 그것도 거의 그대로 끌어온 사례가 많아 조금 아쉽긴 했습니다. 그래도 책은 괜찮았습니다^^"
9788984313194,8,함 읽어 볼만...
9788984313194,8,"시도 감상하고, 시에 대한 생각도 고쳐서 바로잡고, 좋은 책입니다."
9788984313194,10,시 작법서가 아니라 인생 지침서다.
9788984313194,8,시쓰는요령을익혀볼까나
9788984313194,10,시를 쓰는일이 이 처럼 장대한 세계를 갖추어야하는지 미처 몰랐어요.
9788984313194,10,역시 안도현 시인!
9788984313194,8,"무릅을 탁! 칠 정도의 느낌이 있는 시들이 있고, 발상의 전환"
9788932027708,10,<열화당> 글과 비슷한 류의 내용을 담고 있다. 다만 이제는 시인의 ‘절망‘을 더 구체적으로 보고싶을 뿐이다. 염원이지 강요는 아닌. 아무튼 시인은 나와 분명 통하는 데가 있어 그의 글을 자주 찾게 된다. 그러나 나는 요즘 비트겐슈타인의 한 대목에 짐짓 머무르고 있는데 그건 화자의 이야기가 나와
9788932027708,10,"무한화서극지의시불화하는 말들... 중고책으로내놓을수없는.아쉬운 건 책 재질, 변색이 쉬 올 것 같아 그게 아쉽네요."
9788932027708,10,이성복 시인의 글은 너무나도 담담하고 깊은 울림을 줍니다. 극지의 시는 이성복 시인의 강연과 대담이 담긴 짧지만 깊은 메시지가 가득한 책이네요. 두고두고 다시 읽어보고 싶은 글들입니다.
9788932027708,10,좋습니다.
9788932027708,8,시를 소개해줍니다.
9788932027708,10,너무 좋아요
9788932027708,10,좋아요
9788932027708,10,시를 온전히 살고 있는 그가 보인다.
9788932027708,10,이성복의 시는 언제나 기다림을줍니다.
9788932027708,10,좋은 책.
9788932027708,10,이성복 시론 처음 읽었음. 여러 번 읽고 새겨두어서 줄기로 써야 할 생각들.
9788932027708,10,시인이 시를 대하는 태도와 작법에 대한 철학이 인상깊어서
9788932027708,10,최고의 시작강의!최고의 에포리즘!
9788932027708,10,"오래, 푸르고 끈끈하게, 시의 마음, 시의 힘."
9788932027708,10,무한화서도 좋아요.
9788932027708,10,학자로서의 진짜 공부를 전해주는 잠언
9788932027708,10,좋습니다..
9788932027708,10,좋습니다
9788932027708,8,금언 같은 경구가 시의 본질을 곱씹어 생각해 볼 수 있는 휴지(pause)를 선물해준 책!
9788932027708,10,시를 통해서 마음의 양식을 쌓았습니다.
9788932027708,10,그냥 끌려서
9788932027708,10,사랑스러운 책입니다
9788932027708,10,좋은책입니다.
9788932027708,10,"이성복 시인의 언어는 언제 읽어도 감동적이어서 소중한 얼굴처럼 곁에 끼고 위로가 필요할때마다 두고두고 보려한다. 언제나 아픈 외로움을 따뜻하게 쓰다듬어 주는 것은 책의 종류들 중에서도 시집이 그 역할을 잘 해낸다. 나도 이 책처럼 누군가를 위로하고 안아주는 시를 써보는 것이 꿈이다. 하루종일 힘들었어도, 눈감고 떠올리기만 해도 좋은 그런 꿈."
9788932027708,10,너무좋아요
9788932027708,10,극지의 시 잘봤습니다
9788932027708,10,시를 좋아하는데 특히 이 작가의 시를 눈여겨보고있었습니다
9788932027708,10,짱이에요...
9788932027708,10,감명깊게 봤어요
9788932027708,10,", ,  모두 밑줄 치면서 읽었어요."
9788932027708,10,역시 이성복!
9788932027708,8,이거 좋아요!
9788932027708,10,아름답다 ^^ 이 한마디!
9788932027708,10,이성복 시인의 시에 대한 끝없는 열망은 늘 감탄하곤 합니다.
9788932027708,10,이성복 시인이라면 믿고 보는...
9788932027708,10,좋은 시를 읽어야합니다.
9788932027708,10,믿고보는 이성복시인님의 시집.
9788932027708,10,재미있어서
9788932027708,10,근대시를 대표하는 이 시대의 지성.염세주의로 빠진듯하면서도 미묘하게 희망을 찾아 울부짖는듯한 그의 감수성에 한표를 던진다.
9788932027708,10,살아있음을 확인하기 위한 방편으로 이성복을 읽었다. 쓰릴때마다 시집을 펼치면 따스한 손이 책장에서 빠져나와 이마를 쓸어주는 기분이 좋았다. 이 책은 그 손길이 대체 어디로부터 뻗어나온 것인지에 대한 막막한 해설서이다.
9788932027708,10,"이성복 시인의 시를 매우 좋아한다. 그는 특별한 기술이나, 다른 어떠한 장치가 없이도 사람을 곧 잘 울리는 글을 쓰는 듯 하다. 이 시집도 그렇다."
9788932027708,10,최소한 몇 단락이라도 읽으며 뭔가를  얻어갈 수 있는 책
9788932027708,10,이성복은 현대시의 교과서다
9788932027708,10,시에 대한 관심이 커지고있는 요즘 이성복 시인의 시에 대한 생각을 엿볼 수 있는 는  몹시 반가운 책이 아닐 수 없다.
9788932027708,10,언제나 '시가 있어야 하고 떠나서는 안 될 자리'를 알게 해주시는 선생님의 강의를 책을 통해서나마 접할 수 있게 되어 감사한 마음입니다.
9788932027708,10,굿굿굿굿굿
9788932027708,10,삶보다 더한 시는 없다
9788932027708,10,시도 산문도 이성복이다.
9788932027708,10,뼈로 쓴 시론.
9788932027708,10,존재의 바닥을 들여보는 시인
9788932027708,10,이성복 너무 좋음 ㅠㅠㅠㅠㅠㅠㅠ
9788932027708,10,기대치를 넘는다
9788932027708,10,괜찮은 책입니다.
9788932027708,10,이성복의 귀한 말들
9788932027708,10,"이 시대의 시인, 이성복이 직접 시에 관한 사유를 밝혀주어 인상적이다.시는 삶이다. 삶은 급변하고 그 속에서 인간은 흔들린다.흔들리지 않으려면 우리는 언제나 세계를 재구성할 힘을 가지고 있어야 한다.그것에 대한 요구는 시를 어떻게 써야 하는지에 대한 요구와 대응된다.시와 삶. 그 속에 우리가 있다는 것을 느낀다."
9788932027708,10,행복했다
9788932027708,10,"이성복 시인의 팬이라면 이 3권의 시리즈는, 감독의 코멘터리를 통해 다시 감상하는  명작 영화처럼 의미있는 책이 될겁니다. 차분한 책의 디자인도 좋더군요."
9788932027708,10,어려울 줄 알았는데 생각보다는 어렵지 않았다. 시란 이런 것이구나 하고 알려주었다. 이성복만이 할 수 있는 이성복만에 의한 시 이야기.
9788932027708,10,시는 살아내는 것
9788932027708,10,다시 읽고싶은책입니다
9788932027708,10,이성복이라는 이름으로 설명가능한
9788932027708,10,올해 이성복 시론집세트야 말로 최고의 뉴스이자 최고의 책!
9788932027708,10,시처럼 푼 시에 대한 강의록
9788932027708,10,이성복 시인의 책을 선택하는 데 이유는 필요없다. 그냥 이성복이라는 이름이 이유이다.
9788932027708,10,이 책은 제 취향의 책입니다.
9788932027708,10,"단순한 예감, 단순하지 않은 미문."
9788932027708,6,익숙한 향기
9788932027708,8,"시에 관한 무한한 이야기들 그리고 돌연, 돌아서는 시학에 대해"
9788932027708,10,읽기 좋은것 같아요
9788932027708,10,한국 시의 새로운 패러다임을 제시한 이성복그의 새로운 시집 기대만발
9788932027708,10,화려한 시대에 가장 담백하고 순수한 회귀
9788932027708,10,아주 좋습니다!!!
9788932027708,10,이 책을 선택한 이유는 말로 형용할  수 없다.
9788932027708,10,꼭 보고싶어요
9788932027708,10,"아주 오랫동안 詩를 살아온 시인의 근황을 만나는, 이 지극한 기쁨!"
9788932027708,10,평소에 이성복 시인의 시집을 좋아한다. 이 책은 시인이 강연했던 내용을 묶은 것으로 시인의 생각을 직접 들여다 볼 수 있어서 좋았다. 시인의 어떤  눈으로 세상을 어떻게 바라보는지...조금은 알 수 있는 계기가
9788932027708,10,최고
9788932027708,10,좋습니다.
9788932027708,10,좋아요
9788932027708,10,시는 어느 자리에서 태어나고 서 있어야 하는가를 이야기하는 체험적 시론이다. 거창한 이론이 아니라 직접 느껴온 시에 대한 주옥 같은 비유들^^
9788932027708,10,정말 슬픈시였습니다.
9788932027708,10,감동적이에요
9788932027708,10,이성복 시인 좋아합니다
9788932027708,10,이성복이니까
9788932027708,10,거장이 되어주길 바랍니다.죽는 날까지 부디 시인으로 살아주세요.
9788932027708,10,문학과 지성사 책이라서 추천
9788932027708,10,추천합니다
9788932027708,10,재밌어요
9788932027708,10,시에 좀 더 편하게 다가갈 수 있게 해 준 책입니다.
9788932027708,10,말이 필요없음
9788932027708,10,이성복의 시세계
9788932027708,10,마음에 전달이잘됩니다.
9788932027708,10,평소 좋아하는 시인이에요
9788932027708,10,이성복의 시론은 단지 시론이 아니라 삶의 태도.
9788932027708,10,호기심이 생겨서..
9788932027708,10,시가 필요한 사회..
9788932027708,10,믿고 읽는 이성복의 깊은 사유의 언어. 오래오래 새겨두고 싶은 이미지들.
9788932027708,10,오래도록 쌓아온 시인 자신의 시론을 아주 가볍게 설명한 책입니다. 내용은 결코 가볍지 않지요. 하지만 누구나 쉽게 접할 수 있도록 설명한 점에서 대단히 훌륭한 책이라고 생각합니다. 시론뿐 아니라 인생의 전반에 걸쳐 시인이 깨달은 바도 고스란히 녹아 있습니다. 그의 삶의 지혜와 시를 대하는 태도는 다르지 않은 것 같습니다.
9788932027708,10,힐링이 되는 책
9788932027708,10,이성복은 이성복이다
9791185152196,6,열문장 쓰기 책이 인상 깊어서 같은 작가님의다른 책을 산 케이스. 내용은 괜찮지만 여전히 출판사는 ‘ㅠㅠ‘ 그 자체;
9791185152196,10,"작고 가벼운 책인데, 쉽지않다. 유익하다"
9791185152196,10,한국어 동사가 이렇게나 맛갈지게 느껴지는 건 처음이다. 한번 손에 잡으면 끝까지 볼 수 밖에 없는 책!
9791185152196,8,의미나 철자가 유사한 동사간의 바른 사용을 도와주는 책. 설명이 스토리 위에 덧 입혀져 여러동사를 읽어도 지루하지 않다. 유유 의 다른 시리즈도 읽어보고싶다.
9791185152196,10,나는 머리가 나쁘니까 두고 두고 또 읽어야지.
9791185152196,8,헷갈리기 쉬운 동사의 쓰임을 비교해서 굳굳! 이 책의 만화 버전도 궁금하다 궁금해!!!
9791185152196,10,따뜻하고 좋은 책. 동사 암기책이 아닌 작가의 감성이 숨쉬는책
9791185152196,6,스토리를 억지로 끼워맞춘 느낌 때문에 읽기가 다소 불편하나 읽을만 하다.
9791185152196,4,"이야기 자체는 나쁘지 않은데, 정작 동사에 대해 기억에 남는 게 거의 없다. 차라리 이야기를 걷어내고 동사에 대해 좀 더 체계적으로 다뤘다면 도움이 됐겠다."
9791185152196,10,뒤에 나온 책을 먼저 읽고 책을 구입합니다. :)
9791185152196,4,맛이 덜 살아난 거 같아요.
9791185152196,10,쭉 읽어나가기에 흥미로운 구성은 아님. 그치만 때때로 펼쳐서 만나는 페이지를 시집보듯 사려깊게 보면 좋은책. 글이나 언어 관련 일 하는 사람들에게 선물하기 좋았음.
9791185152196,10,동사의 미세한 맛의 차이를 느꼈답니다.비슷비슷해보여지만 맛은 확실히 달라지네요.....
9791185152196,10,"올해 나온 책 중 재미있게 읽었습니다. 다루는 내용도 대중적으로 우리말에 대해서 풀어내고 있어서 좋았고, 편집이 깔끔하고 판형도 마음에 듭니다. 이렇게 단순하면서도 정석을 지킨 책이 선정되면 좋겠다고 봅니다. 더불어 1인 출판사 책이라서 응원 차원에서도 투표합니다."
9791185152196,10,사골 국물처럼 진한 우리말 동사의 묘미를 일깨워준 책
9791185152196,8,"한글의 맛, 언어의 맛은 역시 먹어본 사람이 안다. 먹어봐야 만들 줄도 아는게다. 그녀가 차린 다음 코스가 기대되는 이유다."
9791185152196,6,맛이 밋밋하다
9791185152196,10,늘상 쓰던 동사에 대해 다시 한 번 생각하게 하는 책!!
9791185152196,8,동사를 쉽게 알려줘서 좋아요~동사가 새롭게 다가와요.
9791185152196,4,동사를 정확히 쓸 수 있는 큰 도움이 되는 책이지만... 한 장 한 장 넘길 때마다 꼭 외워야 한다는 부담감이랄까... 책 장이 쉽게 넘어가지 않는다랄까...
9791185152196,10,동사는 움직이지 않는다. 단지 살아서 숨을 쉰다.
9791185152196,10,동사의 섬세한 뜻 차이를 아주 맛깔스러운 문장으로 보여주면서항목들을 소설처럼 읽을 수 있도록 한 그와 그녀의 이야기가 참신했다.또한 편집자가 쓴 책이라는 점도 좋았다.
9791185152196,10,사전적 해석이 아니라서 더 기대가 됩니다
9791185152196,10,"쉬운책, 받아들이기 쉬운 책만을 보게 되는데 어렵지 않으면서도 인문 교양 지수가 높여지는 느낌과 더불어! 바르고 고운 말을 신경써 사용하게 된다! 아이들에게도 교양 넘치는 엄마가 되도록~~~"
9791185152196,10,맛있게 잘 읽고 있습니다
9791185152196,6,짱. 꼭 사고 싶어요.
9791185152196,10,"다양한 말, 미묘한 말."
9791185152196,8,"ㅋㅋ, ㅎㅎ, ^^, 오키. SNS시대 일상에서 가장 많이 쓰는 글자들입니다. 은 잊고 지낸(외면한) 동사의 정확한 의미와 활용법을 알려줍니다. 좀 더 따뜻하고 알찬 문장을 쓰고 마음을 전하는 데 도움이 됐습니다."
9791185152196,10,저자의 내공이 느껴집니다. 우리말 바로 쓰는 데 큰 힙이 되네요.
9791185152196,10,이렇게 우리말 우리글에 대한 책이 많아졌으면 좋겠다
9791185152196,10,알면 알수록 한국어에 대한 관심이 커지네요~
9791185152196,8,얘깃거리가 좀 애매하지만 사전보다는 재미있어요.표지가 너무 예쁘고 가벼워서 좋아요.
9791185152196,10,"사전보다는 살짝 크면서 한 손에 들어오는 책 크기가 정감있고, 그남자 그여자의 이야기가 이러저리 가로새면서 이어져 가는.. ^^; 저자의 용례를 이렇게 사용하다 보면 아름다운 우리말 움직씨와 조금 더 친해지겠지요.. 선물하고 싶은 책입니다 강추!"
9791185152196,8,좀더 긴 서술을 기대했는데 짧막한 용례집에 더 가깝네요. 글과 관련된 직업을 가졌거나 한국어를 제대로 하는 데 관심이 있는 사람이라면 한번쯤 슥 읽어봐도 좋을 것 같습니다.
9791185152196,10,주위분들이 추천하여 구매합니다 기대
9791185152196,10,"올바른 움직씨를 일러주는 작은 편지들을 읽는 기분이었습니다. 다른 분들 말처럼 형용사, 부사 등등도 기다릴래요!"
9791185152196,10,"이런 책이 재미가 있을까, 하며 기대없이 보다가  넘어가는 책장을 아까워한 책. 따뜻한 에세이처럼 수많은 움직씨들이 마음을 어루만져주네요. 동사 뿐만 아니라 형용사, 부사 등등 기대해봐도 될까요?"
9791185152196,6,움직씨가 풍부한 우리말의 매력을 잘 살린 참신한 기획.
9791185152196,8,우리말을 바르고 풍부하게 사용할 수 있는 좋은 길잡이 책이네요. 크기도 작은 편이라 지하철에서 봐도 좋겠네요.
9791185152196,10,"사전보다 지적이고, 소설보다 재미있는 책. 저자의 노력과 정성에 감동했어요~~"
9791185152196,10,"이렇게 매혹적인 우리말의 움직씨라니, 20년 묵묵히 교정에 정열을 바친 인생의 방점이 만들어낸    고혹적인 우리말 여행"
9788982813160,4,문학 공부하는 사람들에게 기본적인 책이다.
9788982813160,8,일제 강점기에서 현대에 이르기까지 소설사를 잘 정리한 책이다.
9788982813160,10,국어를 전공한 그리고 전공할 사람의 필독서!
9788935661473,10,보수적인 시각이 있지만 우리 글에 대한 경각심을 갖기에는 정말 좋다. 이오덕 선생님의 글을 읽으면서 우리글 공부를 할 생각이다.
9788935661473,10,이오덕 선생님께서는 글쓰기에 있어서 과도하게 보수적인 입장이시긴 하다. 그러나 아직도 인문학 번역 서적들에서 하도 많이 눈에 띄는 비문들을 보면 아직도 유용한 책이다
9788935661473,10,충격받았다. 문제가 이리 심각한 줄 몰랐다. 진작 읽어야 했다. 우리말을 모국어로 쓰는 사람이라면 반드시 한 번은 읽어야 하는 책이다.
9788935661473,10,"현대 교양인, 블로거, 지성인, 키보드워려들의 필독서... 이렇게 위대한 한글을 만들어 주신 세종대왕님께 감사한 마음을 가지자고..."
9788935661473,2,잘못된거 알지만 꼰대같고 읽기 힘듬
9788935661473,10,"유시민씨가 다섯 번 읽어보라고 했던 책입니다. 이 책을 읽으면 신문,책의 좋은 글,좋지 않은 글을 가릴 수 있는 눈이 생긴다고 하네요."
9788935661473,10,유시민 선생님의 인터뷰에서 글을 잘 쓰고 싶다면 <우리 글 바로 쓰기>를 꼭 읽어보라는 기사를 보자마자 구입. 외계어와 영어의 소용돌이 속에서 우리말의 고소함을 곱씹을 수 있어 읽는 내내 고마웠던 책.
9788935661473,10,이 책을 읽으면 글을 생각하는대로 쓸 수 있다기에 읽고 있어요~^^
9788935661473,6,"오래 전에 쓰인 책이다보니, 현재 한국어표기법과는 다소 다른 게 있네요. 그리고 우리말에 대해 지나치게 보수적인 시각을 갖고 계시고요. 과거완료형이 원래 우리말에는 존재하지 않는 구문이지만, 실생활에서 굉장히 유용하게 쓰이고 있고, 현재는 문법적으로도 인정하고 있습니다."
9788959060573,8,연극으로 세상을 혁명하고 싶었던
9788959060573,10,"브레이트 인 서울, 아르코예술극장에서 열리는 아시아연출가전을 주목하라!"
9788971151846,10,한자를.. 극복합시다 여러분..
9788971151846,10,임용서적으로 추천받아서 샀습니다. 읽기가 편하고 이해가 잘되네요.
9788937411113,10,문학평론계의 두 거장이 집필한 한국문학사
9788937411113,10,뭐랄까. 학문적 힌트를 얻을 수 있는 책인 것 같습니다. 한국근대문학사나 한국근현대문학사라고 하지 않고 그냥 <한국문학사>라고 한 점도 도특합니다.
9788937411113,10,좋은 책 신속하게 보내 주셔서 감사드립니다^^
9788937411113,8,한국문학사 정리로는 권영민 교수의 것보다도 진취적이고 정확하고 깊이있다고 보여진다. 지금 보기엔 물론 시대적인 한계는 있지만 문학사 공부할 때 필독해야 될 책.
9788937411113,8,배송 빠른편이고 책상태 좋네요~ 감사합니다~
9788937411113,10,꼭 읽어 봐야 할 문학사 책
9791196517182,8,영화보다 영화에 대한 글을 좋아하는 나는 이 에세이가 넘 재밌었다😚 실없이 지적으로 웃긴 저자에게 호감도가 상승하다 76페이지 정성일 일화에서 이책 사기로 결심함 ㅋ
9791196517182,6,"모두 좋아할 혹은 놀라게 하기 위해 글을 쓰는 건 아니잖아요? 너무 괘념치 마시고 열심히 창작해주시길요. 저는 재밌다 쪽으로 한 손 올립니니다/얼개가 더 조밀하면 좋겠는데 독자들에게 싫은 소릴 더 들을라나-,-a"
9791196517182,10,어떤 이야기로 영화와 시에 관한 내용을 담았을까요?
9791196517182,10,영화와 시..모두가 즐길 수 있으나 숨겨진 비밀이 많은 문화...숨겨진 은유를 읽어내려감에 따라 다르게 다가오는 경험...어떤 내용일지 궁금합니다.
9791196517182,10,이렇게 가지고픈 책 만들기 있기 없기...저자와의 독서회...지방이라 넘 슬프당
9791196517182,6,"읽으면서도 읽은 후에도 허무. 접영처럼 수면 사이를 왔다 갔다 하는 것 같은. 부러 노렸다면 할 말 없다만, 도대체 독자가 뭘 가져가길 바라는 건지. 영화를 보면 잠드는 본인, 씨네필의 방향, 러시아 작가 소개, 또는 인셉션으로 빗댄 세계나 대상에 대한 ‘웩‘ 인가?"
9791196517182,10,이 책 전 시리즈가 다 궁급합니다. 구매자분들 평을 읽어보니... 기대도 커지네요.
9791196517182,10,정지돈의 단편 소설 좋았어요. 에세이는 어떨지 기대됩니다.
9791196517182,10,영화와 시를 사랑하는 정지돈 작가의 에세이 기대됩니다
9791196517182,8,영화와 시에 대해 어떻게 풀었을지 궁금하네요
9791196517182,10,"영화와 시, 좋아하는데요, 정작가님은 그 둘을 어떻게 연결해 썼을지 기대됩니다. 언능 읽어보고 싶네요~~"
9791196517182,10,영화적인 무언가’와 ‘시적인 무언가’ 덤으로 ‘에세이적인 무언가‘가 궁금하다.
9791196517182,10,"영화적인 무엇, 시적인 무엇? 무엇을 말하고 있을지 기대된다."
9791196517182,10,"좋은 것을 왜 좋은지 설명하는 것이 싫은 것이 싫은 이유를 설명하는 것보다 어렵다는 점을 작가님도 피너츠의 대사를 인용하여 밝혀두신 것을 보고, 나도 이 책이 왜 좋은지 설명하려고 노력하지 않고 그저 좋다! 재밌다! 읽어보셨음 좋겠다! 고 널리널리 알리고 싶어졌다."
9791196517182,8,이 책을 읽고 나면 정지돈을 좋아할 수밖에 없을 것이다.
9791196517182,10,"좋아하는 것을 계속 좋아하기 위해, 그것을 향해 있는, 보이지 않았거나 보려하지 않았던 문 하나를 발견한 것 같다. 그의 글을 읽는 사이 형성된 다양한 이미지들이 우리가 모르는 것에 대해 다시 꿈을 꾸게 해줄 것이다."
9791196517182,8,"예술계 사람이 아닌 내가 할 수 있는 말은... <농담을 싫어하는 사람들>에 대한 길고 긴 해설집이랄까? 그렇다고 이게 해설이란건 아니고, ‘영화와 시‘에 대한 저자의 자서전이자 가십이다. 39p를 먼저 읽어보면 이 책이 마음에 들지를 얼마간 알 수 있다."
9791196517182,6,이 책은 웩 이라는 글자로 끝난다
9791196517182,8,이 책은 ˝시˝에 대해 이야기하는 ˝에세이˝인데 재미가 있다. 아주 대단하고 어려운 일을 해낸 것이라고 생각한다. 그건 어쩌면 정지돈이 더는 시를 쓰지 않고 영화도 만들려고 하지 않는 소설가이기때문에 가능한 일 일지도 모르겠다.
9791196517182,10,"출판사 텀블벅으로 구매. 리뷰는 다음과 같다 : 어째서 결말을 박살내두었다. 그런데, 애초에 시작을 하였던가? 나는 혁명가의 글쓰기를 보았다."
9791196517182,10,풉킥 웃다가 또 갑자기 졸곤했다.... 이 책은 걸작이다....
9791196517182,10,정지돈은 한국문학의 실비보험이다!
9791196517182,8,끈질기게 읽다보면 에세이의 즐거움을 읽을 수있다
9791196517182,8,러시아 친구가 많이 생긴 느낌이다. 자주 소리내 웃어서 미친사람 같았을지도.....
9791196517182,8,"좋아하는/좋아했던 것을 계속 좋아하기 위하여. 이건 뭐 좋다는 건지, 싫다는 건지, 좋아하고 싶다는 건지, 헷갈리는 듯해도 알고 보면 고백에 가까운 글자들.그나저나 요즘 책들이 너무 얇게 나오는 게 싫다. 더 더 더 읽고 싶단 말이다."
9791196517182,10,"정지돈의 집요한 문장을 읽노라면 너무 지긋지긋한데,이 지겨운 유희를 멈출 수 없다. 내가 좋아하는 영화들같다. 다음엔 두껍게 써서 내 인내력을 제대로 테스트해주길."
9791196517182,10,2007년 서울아트시네마에서 잠을 자던건 나뿐만이 아니었다는 안도감..
9791196517182,10,만신전의 유일신 정지돈. 이것은 미래의 책이며 이미 당신 앞에 도착한 오늘의 책이기도 하다.
9791196517182,10,고백록에 버금가는 걸작.
9791196517182,10,정지돈님 에세이스트가 되어주셔서 감사합니다.
9788960905696,10,밑줄긋다가 포기했다. 그냥 전 책에 밑줄을 그어야 하기 때문이다. 그래서 개정판을 또 사려한다. 밑줄 그어지지 않은 그의 문장을 보고 싶어서. 어차피 또 밑줄그으려 들겠지만.
9788960905696,10,소설 쓰려할 때 꼭 곁에 두고 봐야 할 책.책 크기도 작고얇지만 가장 현실적이고 뼈와 살이 될 충고가 들어있는 소설 작법(?)서.
9788960905696,10,"어떤 글 쓰는 사람들이 이 책을 바이블이라고 해서 예전에 나온 책을 가지고 있는데, 너무 예뻐서 문고본도 샀네요."
9788954607315,2,평론가보단 해설가라는 이름이 어울리는 작가. 비판을 할 마음이 없는 평론가(?)
9788954607315,10,"신형철의 평론을 통해서 도착하는 한국문학이라는 것이 있음을 증명한, 2000년대 이후 한국문학비평을 새롭게 쓴 역작."
9788954607315,8,지적통달의 하모니를 보는것 같은 신형철의 평론.비평집이다.
9788954607315,10,"‘아름다운 문장들‘이 책 전체를 장악하고 있습니다만 그게 다는 아닙니다. 문학은 몰락하는 인간의 윤리를 사유하게 함으로서 ‘가능한 인간 유형의 지평을 넓히는 것, 이해의 진폭을 넓히는 것, 먼저 가서 실패를 경험한 인간들로부터 삶을 배우고 익히는 것‘이라는 걸 이해시켜줘요."
9788954607315,10,"평론이라 역시 난해하다. 그렇지만 그의 문장을 읽으면서 나는 느꼈다. 문학을 더욱 사랑하자고, 아직 쓰여지지 않은 글들이 너무나 많다는 것을."
9788954607315,8,"한국 현대문학을 이해해보려는 심산으로 몇군데 읽음,, 현란하나 허전함"
9788954607315,8,신형철의 평론은 해석을 넘어 ˝문학적인 것˝ 자체로서 문학의 에티카겠다.
9788954607315,4,평론가라는 직업의 쓸모보단 자기최면에서 오는 자부심이 너무 강한 건 아닌지.
9788954607315,10,정말 오랫만에 읽을 만한 우리 저자를 만나 정말 반가웠습니다. 다양한 정신분석학적 이론과 철학에 터잡은 저자의 비평을 읽고 있으니 현대판 향연을 만나는 것 같습니다. 앞으로도 저자께서 충실한 비평서를 많이 내주셨으면 합니다.
9788954607315,6,사유의 힘이 흐르는 정갈한 문장이지만 평론보다는 해설이 좋은 게 그의 한계처럼 보인다.
9788954607315,8,"문학의 안에서 고군분투하는 시인과 소설가들을 사랑하는, 문학 밖의 사나이. 예리하고 다정하다. 부드럽고 사려깊은 문장이 술술 책장을 넘어가게 만든다."
9788954607315,10,좋은 것은 좋다고 해야한다.
9788954607315,10,"두근두근. 문학을, 더 많이 사랑하게 될 것 같은 설레는 예감."
9788954607315,8,"문학을 잘 몰라서 어려운감은 있는데
글은 정말 최고로 잘쓰시는듯."
9788954607315,10,겨울마다 읽는 책. 더 많은 겨울을 기다리며.
9788954607315,10,작품을 읽었느냐는 이 평론집을 읽는데 중요하지 않다. 이게 하나의 작품이다.
9788954607315,10,진심의 탐닉에서 소개받고 얼른 구매합니다. 교지 출신이라는 점이 자랑스러워요!
9788954607315,10,"서점에 서서 책을 뒤적이던 중, 작가의 말이 끝날 때까지 도저히 책을 놓을 수 없었다"
9788954607315,6,"어디서 본 듯한 사유의 틀과 글쓰기.
잘 벼린 칼이 없는 착한 평론."
9788954607315,10,김소진세대의 부채감을 인 세대의 평론가가 발빠른 작가들을 어르며 나아간다.
9788971992210,8,"고전소설에 관심이 있고, 많은 지식을 원하는 분들에게 많이 추천합니다."
9788971992210,10,쉽지만 기본이고 원리인 거 같아요~ 고전소설 공부하면 고전소설들은 빌려읽어도 이 책 한권은 사서 가지고 계속 펼쳐봐도 될 거 같네요~
9788971992210,6,좀 쉬워요... 학부 1~2학년쯤에 읽기 적당할 것 같아요.
9788971992210,6,"약간은 어렵다고 느껴지는 듯한 책.
대학교에서 교재로 사용하고 있습니다"
9788971992210,8,"아는 분이 추천해주셔서 읽은 책인데, 괜찮아요 ^^"
9788984310391,10,깔끔한 글쓰기를 위한 숫돌같은 책입니다. 내용을 곱씹다 보면 한글의 체계가 얼마나 훌륭한지 느낄 수 있습니다. 너무나도 쉬운 논술도 같이 보시면 좋습니다.
9788984310391,10,직접 문제를 풀어볼 수 있어서 좋음
9788984310391,10,글쓰기를 고민하는 모든 이에게 권하는 가장 강력한 한 권
9788984310391,4,나쁘지 않음.....
9788984310391,8,어쩌다보니 사게됐는데 괜찮아요!!
9791156332138,4,글쓰는 이에게 도움이되지않음.
9791156332138,8,플롯보다는 구조에 대해서 잘 설명해준 책입니다. 하지만 3장 아이디어를 내는 방법에서 명상이라고 이름만 안 붙였을 뿐이지 명상과 맥락을 같이하는 부분이 많아서 좀 놀랐습니다. 결국 작가개인에게 효과있었던 것을 풀어낸 주관적인 작법서이기때문에 자신과 맞지 않는 부분은 거르시길바랍니다.
9791156332138,8,개정판인데도 오탈자가 좀 있네요.
9791156332138,10,"서사를 써나가기 위해 필요한 최소한의 문법을 알려주는 책이라고 생각합니다. 더 잘 쓰기 위해서라기보다는, 잘 읽히게 쓰는 데 발전하는데 도움이 된다고 느꼈어요."
9791156332138,10,절판되어 구하기 힘들었던 차에 개정판이 나와서 반가운 마음에 바로 구입했습니다. 솔직히 이미지로만 볼땐 표지 첫인상이 별로였는데 실물은 깔끔하고 단정하네요. 좋은 책 개정판으로 내주셔서 감사합니다. 잘 읽겠습니다^^
9788991706316,8,문창과 필독서?
9788991706316,8,좋은 책이지만 사상가로서의 고진의 면모는 많이 드러나지 않는 책입니다.사상가로서의 고진을 접하기 위해 읽으실 분이라면 워밍업으로 읽으시길. 개인적으로는 차라리 문학을 공부하고 싶어하는 한국인에게 동양인으로서 문학하기가 어떤것인지 알게해주기 위해 추천하고 싶습니다.
9788991706316,10,"개인의 주관을 중시하는 낭만주의와 현상 세계의 객관성을 우선하는 리얼리즘은 서로 대립하는 이념이 아니라 실은 짝패에 지나지 않는다는 것, 리얼리즘은 객관적 사실의 재현이 아니라 외부 풍경에 작가의 심리를 투영하는 낭만파적 전도라는 것을 이 책은 밝힌다. 비평계의 본좌인 고진 옹의 역작!"
9788991706316,10,오타 많이 수정되었습니다. 근대문학의 기원은 가라타니의 아니 일본의 명저인건 확실하네요. 전율이 옵니다.
9788991706316,6,"수많은 오타를 참아낼 수 있으면 근대의 풍경, 내면, 아이의 발명 내지 기원에 대한 재미있는 이야기가 펼쳐진다. 이건 97년도 판을 읽은 감상이다."
9788931003345,6,서사장르로서 소설을 알기 위해 구입했습니다. 총론과 각론 모두 개론서답게 자세히 다룹니다. 그러나 저자의 서술은 명료하기 보다 장황해 이해를 더디게 합니다.
9788931003345,10,소설의 이해. 깔끔하고 쉽게 읽힌다.
9788931003345,8,대학 교재로 구매했는데 글 뿐만 아니라 이해하기 쉽게 도표도 있어서 좋은 것 같아요
9791189426606,6,외국 시가 많이 실려있는데 번역된 탓인지 와닿지가 않습니다. 책 내용은 좋은데 예시로 실린 시들을 읽기가 영 별로네요.
9791189426606,6,한글 제목은 위트가 넘치지만 번역은 많이 아쉽다
9791189426606,10,"˝경험이라는 내면의 우주를 모른 채 산다는 것은 우리 자신과 우리의 진정한 삶을 모르고 사는 것과 같습니다.˝ 테드 휴즈는 시 쓰기를 자신의 경험을 소유하는 것으로, 진정한 자신을 되찾는 것으로 바라본다. 읽는 것만으로도 가슴이 두근거리는 시창작론."
9791189426606,10,테드 휴즈 책 드뎌 나왔다! 책 출간되자 마자 바로 구입.ㅎㅎ 책 내용은 설명이 필요없다. 읽어보면 소장해야되는이유 바로 아실거예여~
9791189099206,8,일본의 이런 가이드 류는 내용이 일본 필터가 거친 상태라든지 오정보가 있는 편이라 생각해서 피하고 있었지만 역자를 보고 구입을 결정했습니다. 메인 설명의 경어체가 취향밖인 점이 아쉽.
9791189099206,6,내용은 흥미로운데요.일본어 번역체가 너무 심해요.출판사가 번역하고 검수없이 그대로 낸듯.
9791189099206,10,"작품 자체는 상당히 괜찮습니다. 판타지 덕후가 아닌데도, 구성이 풍부해 그냥 읽는 것 자체로 재미있네요. 그런데 재고관리를 어떻게 하는건지^^;; 책의 가운데가 눈에띄게 파여서 왔어요. 그래서 교환신청을 했는데, 새로 온 책도 조금 눌려있더라고요. 처음 책보다는 상태가 멀쩡한 편이라서 그냥씀"
9791189099206,10,고급스런 장정에 사전 그 이상의 내용들굿
9791189099206,6,내용 자체는 나름 볼만한데 ‘처녀작‘ 같은 단어는 역자나 편집자가 알아서 걸러야 하는 거 아닌가요?
9791189099206,10,"독자의 입장으로, 한눈에 알아볼수 있게 체계적으로 짜인 자료집입니다. 시계열도 고려하고, 당연하게 쓰여서 그냥 그려려니 넘어간 용어를 다의적으로 풀어줍니다. 예를 들어서 용병대가 전쟁에 참여하면 위관 영관 등 역활에 따라서 어느 위치에 해당되는지 현실과 픽션 양쪽에서 설명해줍니다."
9791189099206,10,많은 분량에서 글자글자마다 가감할 부분 없이 알찬 책입니다! 가격은 그저 종이와 노고에 관한 값일 뿐.. 내용은 무엇을 기대하시든 더 풍부하고 더 섬세할 거예요. 크라우드 펀딩으로 구매했지만 주변의 창작인들에게 직접 나눔하고픈 그런 책입니다 :)
9791189099206,8,"텀블벅에서 미리 구매를 했다. 한정판으로 구매했다. 케이스를 한정판 용으로 따로 제작해서 줬으면 어떨까싶다.책 내용은 구축하는법, 무기를 제작, 환수, 마법 등 판타지 요소를 정리하기위해서 좋은 정보들이 포함되었다. 책 1/3 이 자료편으로 구성되었으며 꽤나 많은 자료들을 접할 수 있다."
9791189099206,10,판타지 세계를 만들고 싶은데..길을 몰라 헤매이던 중 정말 반가운 책이 나왔네요! 야호~~
9788952117755,10,"문학이론과 문학연구의 목적에 관한 진지한 물음을 끝까지 견지하는 가운데, 난해한 내용들을 쉽고 간명하게 서술한 최고의 입문서. 서론과 마지막 장(오늘날의 문학이론)만 읽어도 값어치가 충분하다. 관련 논의의 영미권 편향을 교정하는 데도 유익한 이 좋은 책이 제대로 홍보조차 되지 않아 아쉽."
9791185578040,6,생각보다 두꺼워서 놀랐고 글쓸 때 참고용으로 딱 좋은 것 같아요
9791185578040,8,"소설을 처음쓰는 사람들에게 좋은 책, 때때로 좋은 예시도 있어 종종 사용한다."
9791185578040,10,이거 글 창작하시는 분 엄청 좋음. 막힐 때마다 보세요. 특히 아 진짜 단어나 표현이 계속 겹치는데 단어 생각나는 건 없고 내가 한국인인지 의심되고 열받는데 빨리 써야 할 때 이거 진짜 유용함.
9791185578040,6,SNS에서 널리 퍼지고 있기에 한 번 사봤던 책. 하지만 크게 실용적이진 않다. 용례가 너무 적고 건조한 예시 문장들만 나열되어 있어서 이 책만으로 감정표현을 연습하기엔 무리가 있다고 생각한다. 이보다는 다른 서사를 많이 읽는 편이 보다 더 유용할 것 같다. 인물 묘사를 연습하기에는 적당하다.
9791185578040,10,묘사와 인간의 디테일한 상황등을 이해쉽게 잘 설명해준다. 좋은 참고서.
9791185578040,6,"감정표현을 공식처럼 배울 순 없다.감정은 캐릭터+상황+맥락에 따라 다르게 표현되기 때문이다.게다가 감정을 느끼고 이를 대사,지문으로 표현하는 건 작가 고유의 개성 영역이라 정답도 없다.재능과 센스를 갖췄다면 어느 정도 힌트를 얻을 수도 있겠지만 그렇지 않다면 오,남용을 경계해야 한다."
9791185578040,8,극본을 쓸 때 어떤 감정에 어떤 리액션이 필요할까 고민스러울 때... 유용하게 쓸 수 있는 감정표현 사전이다.
9791130602769,10,안도현과 백석의 만남이라니. 환상적이다.
9791130602769,8,"대상에 대한 찬미는 다소 아쉽다. 하지만 풍부한 자료를 점검하고, 그를 정리했다는 점에서 분명한 가치를 가진다. 무엇보다 작품에 대한 설명에서 저자의 시적(詩的) 직관이 발휘된 부분이 탁월하다. 분단 이후의 행적에 대해 면밀히 살폈다는 것도 장점."
9791130602769,10,"내가 너를 사랑해서 이 우주에 눈이 내린다니! 그리하여 나는 가난하고, 너는 아름답다는 단순한 형용조차 찬란해진다.(175p)"
9791130602769,10,"백석을 많이 알게 해준 역작이다. 풍부한 자료 수집, 그리고 무엇보다 백석을 흠모하는 지은이의 열정이 아름답다."
9791130602769,10,"지극히 찬양하지도, 무조건적인 비판도 아닌 백석 시인을 존경하는 마음이 그대로 함축된 평전입니다. 평전을 처음 접하는 저에게 평전을 임하는 좋은 길잡이가 되어준 것 같습니다. 읽고 나니 정신이, 마음이, 고고 (孤高) 하다는 여운이 가시질 않네요. 좋은 평전이, 시를 더 감동으로 이끕니다."
9791130602769,10,백석의 시. 그리고 인생
9791130602769,8,시가 아닌 인간 백석을 시인의 언어로 듣다
9791130602769,10,"이상, 백석, 윤동주의 평전 정도는 우리 시를 사랑하는 이라면 필수 소장목록.이라고 내 맘대로.ㅎㅎ난 3권 다 갖고 있으니까 괜히.그런데 이 시대 예술가들의 평전을 읽으면 그 당시 시대상의 고통이 고스란히 전해져 눈물이 주륵주륵나버리고 만다."
9791130602769,10,나는 이 세상에서 가난하고 외롭고 높고 쓸쓸하니 살아가도록 태어났다.백석의 모든것이 이 말속에 함축된것이겠죠.
9791130602769,8,많이 생각하면서 읽었던 책
9791130602769,10,백석시인에 대한 저자의 애정이 듬뿍 느껴지는 책.
9791130602769,10,백석이 눈 앞에서 아른거리는 듯하다. 완두콩 색 외투를 걸치고 광화문 대로를 걸었을 그가.
9791130602769,10,백석에 대해 쥐꼬리만큼의 호기심만 있다면아주 흥미롭게 읽을 수 있다. 좋은 글이다.
9791130602769,8,백석만의 모더니즘을 이처럼 통찰한 책이 그동안 없었기 때문에
9791130602769,8,여러가지 백석에 관한 평전을 보았지만 백석의 생애와 작품세계를 잘 엮어낸것 같다.
9791130602769,8,시인이 백석 시인을 흠모하는 마음이 담뿍 들어있다. 분단의 아픈 현실과 이를 뛰어넘는 시에 대한 사랑이 가슴 저리게 다가온다.
9791130602769,10,눈이 푹푹 나리는 겨울 밤이면 유독 더 생각나는 백석 시인.
9791130602769,8,수많은 백석에 관한 논문과 책들 가운데 교통정리를 하는 듯한 이 책은 정말이지 치밀한 부분까지 백석의 뒤를 쫓고 있다
9791130602769,10,"그리움,고향, 가난.그리고  아!백석"
9791130602769,10,안도현님을 지금 있게한 모태를 조금씩 조금씩 알아가며 나도 백석의 세계에 빠져들듯...
9791130602769,10,백석...그 이름만으로도
9791130602769,10,평전이라는 형식을 빌어 한 시인의 삶을 상상력있게 조망한 아름다운 문장이 가득한 책
9791130602769,10,"막연하게 알고 있었던 백석의 삶과 철학,그리고 그의 문학에 대해 자세하게 알게되는 기회가 되었고 일제시대와 해방정국에 대한 사회의 모습과 그당시를 살아갔던 사람들의 삶의 모습도 이해하게 되었다."
9791130602769,10,백석의 작품과 그에 관련된 많은 이야기들을 안도현 특유의 차분하면서도 문학적인 문체로 기술된 책. 백석에 관한한 이책을 덮을 만한게 없을듯.
9791130602769,10,알고 싶었던 시인
9791130602769,10,백석과 안도현 시인 제가 사랑하는 시인!그리고 이 책은 딱딱하지 않게 읽을 수 있는 것 같다.술술 소설 읽듯 잘 넘어간다.^^
9791130602769,10,백석에 대하여 자세히 알게 되여 기쁨을 가졌습니다.
9791130602769,10,백석의 여러 면을 접할 수 있었다.
9791130602769,10,"책을 읽는 동안, 그 시절의 경성과 격동기의 대한민국이 백석의 시와 함께 내 앞에 펼쳐졌다."
9791130602769,10,"안도현의 백석평전으로 인해 그동안 부분적으로 조명되면서 때론 오류가 있었던 백석의 삶과 문학에 대한 기준점을 제시했다는 점, 백석의 시와 산문에 드러나 있는 내용과 그의 실제 행적을 비교해 몇 가지 새로운"
9791130602769,10,"시인이 쓴 평전이라 시적이지 않을까 생각했는데,안샘의 백석에 대한 사랑과 존경이 컸는지, 학자 같이 꼼꼼하고 그러면서도 시적 감수성을 잃지 않은 묘사들이 돋보인다."
9791130602769,6,재밌는 책
9791130602769,10,백석에 대한 백석을 위한 책.어려운 평안도 사투리에 숨은 작가의 순수한 전기.시를 읽기 전에 반드시 읽어보아야할 평전입니다.
9791130602769,10,안도현과 백석!
9791130602769,10,백석에 대한 깊은 이해와 백서 시세계에 대한 배경지식에 많은 도움이 되는 책......
9791130602769,6,잘 읽었습니다^^
9791130602769,10,백석을 마음으로 만날 수 있도록 잘 적으셨거든요!
9791130602769,10,백석 시인의 시를 더욱 읽어보고싶게 만들어서..
9791130602769,10,"안도현 시인의 백석에 대한 애정을 확인할 수 있었고, 백석의 삶과 사랑에 대해 이해할 수 있는 좋은 기회"
9791130602769,10,"타인의 사상에 흔들리지 않고, 묵묵히 내게 주어진 길을 걸어간 위대한 시인의 발자취를 통해 현재 제 몸 하나 가누지 못하는 나의 부끄러움을 생각해 볼 수 있었던 책이었다."
9791130602769,8,새로운 평전
9791130602769,10,백석에 대한 안도현 시인의 연가.
9791130602769,10,국내에서 글을 쓰는 작가들이 가장 좋아하는 문학가인 백석. 남북 분단의 아픔으로 이름마저 생소하게 잊힌 민족 시인의 삶을 한눈에 들여다볼 수 있습니다.
9791130602769,10,단연 최고였다. 백석 시가 달리 읽힌다.
9791130602769,10,분단 때문에 오랜 세월 잊혀졌던 우리 민족의 시인 백석의 일대기. 안도현 시인이 시처럼 아름다운 문장으로 다듬어낸 책.
9791130602769,10,백설 선생님에 대한 이해를 할 수 있는 좋은 계기가 되었다
9791130602769,8,아이들의 마음을 잘 그려낸 청소년시집이다!
9791130602769,8,Good to read
9791130602769,10,안도현 시인이 쓴 백석평전. 따스하고 아픕니다. 한국의 슬픔 역사공부도 같이 하게 되네요. 백석시인 잘 몰랐는데... 그의 시를 좀 더 마음으로 읽게 될 수 있을 것 같습니다. 빨간책방에서 소개가 되어 구입했는데. 생각보다 훨씬 좋습니다.
9791130602769,10,너무 좋아하는 시들이 많아 덥썩 구입했네요....^^ 이런 유명시인들의 작품을 요새 읽지 않는 현실이 안타깝습니다....
9791130602769,10,"그동안 평전이라고 하면 죄다 어려운 줄 알았다. 읽을 생각조차 하지 않았다는 거지. 한데 <백석평전>은 출간된다는 소식을 듣자마자 궁금해졌다. 안도현 시인의 글이기 때문이라는 것도 하나의 이유가 되겠지만, 백석이니까 무조건 읽고 싶다는 바람이었을까? 좋았다. 평전이 이렇게 재미있을 줄이야!"
9791130602769,10,"안도현의 <백석평전>이야말로 가장 높은 곳에서 가장 낮은 곳을 향하여 아름답게 빛나는 별, 백석의 삶과 시를 온전히 드러낸 명실상부한 최초의 <백석평전>이다. 백석을 진정으로 사랑하지 않았다면 불가능한 일, 백석의 시를 진심으로 읽지 못 했다면 이뤄질 수 없는 <평전>의 기념비적인 작업이다."
9791130602769,10,너무나 좋아하는 백석시인.. 책을 읽는 것이 아니라 마치 안도현 시인이 마주앉아 백석의 시와 삶에 대해 이야기를 들려 주는 듯한 느낌이다..
9791130602769,10,오래 전 백석 전집을 들고 다니던 때가 있었지만 이제는 어디 있는지조차 잊어버렸다. 그래서 다시 ｀안도현｀님의 부름에 답하여 백석에게 다가가려 합니다. 찬란한 우리말과 얘기 속으로
9791130602769,10,백석을 사랑한 안도현님의 백석 예찬론. 백석을 알고 싶을 사람이라면 백석의 이야기와 시가 모두 담긴 이 한권의 책을 권한다.
9791130602769,10,"백석을 사랑하는 그녀의 생일선물로 보냈다. 백석은 ｀자야｀만의 연인이 아닌, 그의 시를 사랑하는 모든이들의 연인이다.^^"
9791130602769,10,백석을 만나 볼수 있는 기회 놓치지 말기를
9791130602769,10,419쪽 유족으로는 부인 리영희438쪽 백석의 옆이 부인 리윤희백석평전 참 좋습니다.오류에 대한 문제...443쪽 열네 살 아래 신부 리윤희*백석 부인의 이름은 리영희가 아니라 리윤희네요.출판사에서 책을 좀더 꼼꼼하게 만들어 주셨으면 합니다.
9791130602769,10,"백석에 대하여 좀 더 친밀감, 애정이 생기게 되었어요.소소한 일상에서 시어들을 집어내어 한 편의 시를 만들어내신...자료구하느라 고생 하셨을 안도현시인님의 애정이 뚝뚝 묻어나는 한 권의 보석!"
9788995651308,10,잘 보고 있어요. 도움이 많이 되네요.~~~^^
9788995651308,10,작가들에게 많은 지식을 주는 책
9788995651308,10,이제 본격적으로 드라마작가의 꿈을 키울수 있겠네요 ^^
9788995651308,10,유명한 작가들이 참여한 프로젝트인 만큼..만족. 딱떨어지는 깔끔한 책입니다.
9788995651308,10,스폰지 포장으로 흠집하나 없이 깨끗하게 도착했습니다. 기대한 것만큼 만족함
9788995651308,2,"별점을 줘야 하는게 안타깝다.
노인 냄새 나는 작가들의 자위질 구경 놀이"
9788995651308,10,"정리가 잘 되어있고, 읽으면 읽을수록 많은 도움이 되는 책!"
9788995651308,10,"드라마를 좋아하고 관심이 있다면 한번은 꼭 읽어볼만한 책!
똑부러지는 책이다"
9788995651308,8,잘 읽히고 따뜻한 격려도 있다. 단막극 위주의 작법 설명이 좀 아쉬움.
9788995651308,6,유익한 책입니다.
9788950988746,8,정여울은 일부러 문장을 쉽게 쓴다. 이게 얼마나 어려운 일인지 잘 알기에 하염없이 존경심만 일어야 하는데 그게 또 그렇지 않다. 불평불만 많아요. 투덜투덜투덜. 그럼에도 불구하고 헤세_는 이제까지 읽은 여울언니 문장들 중 최고였다. 그만큼 깊이 와닿은 것들이 많았고. 헤세 더 알고싶다.
9788950988746,6,"내용의 깊이와 별개로 이 시리즈에는 맞지 않는 구성과 내용, 서술방식의 책. 거장의 자취를 따라가는 여행이 중요한 포인트인데, 이 책은 그 포인트가 보이지 않는다. 거장의 삶과 작품세계를 안팎에서 들여다보는 관점이 없고, 작가의 헤세 작품 분석론만 있다."
9788950988746,10,"좋은데, 다른 클클 시리즈와 묘하게 다름"
9788950988746,8,"지금도 가끔, 사춘기 시절 읽었던 ‘수레바퀴 밑에서‘의 한스를 떠올린다. 비본질적인 것을 참기 힘든, 세상 모든 예민한 영혼들을 위한 위로의 여정."
9788950988746,10,"정여울은 다만 사랑한다. 헤세를 있는 힘껏, 솔직하게, 그의 모든 것을 마주보면서. 나는 그런 정여울을 사랑할 수밖에 없다."
9791195739585,10,컬처에 대한 비평과 논평은 많다. 하지만 대부분 노말수준이라면 이 책은 개인적으로 TOP라 생각한다.작가가 정말 오덕씹덕력도 좋다. 그만큼 책을 많이 읽었단 이야기. 대중을 위해 쓴 글이라 장르별 작품들과 꽤나 정확한 지식정보를 제공해준다.
9791195739585,10,오덕을 위한 책. 평소 귀동냥으로 들었던 소재들에 대해서 자세히 알게 되었어요 오덕 만세!!
9791196830120,10,"난, 왠만한 그래픽노블은 다 좋아한다. 특히 깔끔한 구성으로 굵직한 인물의 삶과 작품을 담아낸 노블이라면 더욱더 그러하다."
9791196830120,6,조지 오웰 입문서라거나 덕심으로 소장할 도서정도다. 조지 오웰을 더 잘 이해하기엔 <영국식 살인의 쇠퇴>를 슬쩍 추천해본다.
9791196830120,10,펀딩에 참여해 받아본 책. 그림도 예쁘고 참 좋네요.아직 안읽어본 오웰의 다른 책들도 다 읽어보고싶게 만드는 힘이 있습니다.
9791196830120,10,코로나19로 인한 혼란의 시기에 넘쳐나는 거짓 뉴스와 가짜 정치인들의 놀음으로부터 자유로운 시민이 되기 위해 우리는  조지 오웰의 삶과 소설에 녹아있는 정치적 성찰과 비판 정신을 계승해야할 것이다.
9791196830120,8,"오웰의 삶과 일대기를 만화로 잘 표현했다. 암울한 시대에 건강한 한 시민으로, 삶의 체험를 통해 사상의 모순을 끄집어내는 비판적 정신~ 권력과 사회의 모순을 풍자적으로 이끌어낸 오웰의 삶속에서 많은것을 배운다."
9791196830120,10,조지 오웰에 대해 개괄적으로 알 수 있는 좋은 책이에요. 그림도 멋지고 판형도 커서 아주 맘에 듭니다 ^^
9791196830120,10,"이름만 들어도 벅차오르는 작가 조지 오웰. 펀딩할 수 있다는 것 자체가 기뻤고 책을 받아보니 기대 이상이라 표지만 바라봐도 행복하다. 1984, 동물농장 등등 그가 쓴 작품들 옆에 꽂아두고 평생 소중히 간직할 생각을 하니 또 한 번 설렘."
9791196830120,8,"조지 오웰의 여러 작품을 좋아하는 독자로서, 오웰을 좀 더 이해하는 데 도움이 되는 책이었다. 깊이있게 찾아보기에는 게을렀던 나에게 좀 더 찾아보겠다는 의욕을 불러일으켜 주었다."
9791196830120,6,그래픽전기 라는 특성상 보는 재미는 있습니다 하지만 그에 비해 내용면에서는 역시나 부실하다고밖에는 ....너무나 간략한 내용에 조금 더 자세히 조지오웰이라는 인물에 대해 알고 싶었던 나로서는 아쉬움이 많습니다.
9791196830120,8,"누구보다 치열한 삶을 살았던 사람의 인생을, 오히려 담담하게 그려내어 울림이 있다. 그가 자서전을 썼다면 이런 투로 쓰지 않았을까 싶을 정도. 종교든 이데올로기든 무비판적으로 빠져버리면 정작 중요한 정신적인 자유를 잃음을 경고한, 진정한 ˝지식인˝의 삶이 주는 感動, 마음의 움직임이 있다."
9791196830120,10,천재작가 조지 오웰의 전기를 그린 작품을 소장하게 되어 무척 기쁩니다. 책 사이즈와 디자인에 또 한번 놀라고 읽기가 아까워 천천히 읽어요.
9791196830120,10,소설과 작가의 삶이 같은 곳을 공유할 거라는 생각은 대개 착각이었는데 오웰은 소설 속으로 들어갔다.
9791196830120,8,"무엇보다 조지오웰의 얼굴을 사실 그대로 표현한 그림체가 좋았어요. 마치 한 작가에 대한 전기 영화를 보는 기분이었습니다.그리고 중간 중간 그의 에세이나 소설의 일부를 발췌해 그림과 함께 실어주었는데,마치 영화의 교차편집 같았어요.오래 기다린 보람이 있었습니다^^"
9791196830120,10,"펀딩 의의가 시의적절하며, 책의 제조품질 또한 우수합니다."
9791196830120,10,"책 제본 상태는 썩 마음에 들지 않지만, 펀딩을 후회하지는 않을 양질의 내용이네요. 조지오웰에 대한 이해를 하고 그의 작품을 다시 읽으니 새로운 이면들을 찾아볼 기회가 되었습니다."
9791196830120,10,"조지 오웰의 팬들에게 의미 있는 굿즈입니다. 이미 알고 있는 이야기지만, 밑바닥으로 걸어 들어가는 장면에서 한 번, 국토방위군으로 지원하는 장면에서 또 한 번 울컥했네요. 야만의 한 가운데에 있는 그가 참 부러우면서도 감동적이었어요. 우리는 신어가 지배한 세상에 살고 있으니까요."
9791196830120,10,조지오웰를 좋아한다면 소장용으로라도 사야할 책인데 책을 받아보면 내용과 모양도 훌륭하다그림이 사실적이라 따라 그리고 싶을정도..조지오웰의 전기와 작품 배경을 한눈에 알수 있어 그를 알고 싶다면 분명 좋아할만하다이 책을 읽고 그가 어릴때 읽었던 웰스의 타임머신을 읽어보려 한다.
9791196830120,8,"조지 오웰, 그의 삶 자체가 혁명적이고 그의 삶이 프롤레타리아라는 생각을 하게 된다."
9791196830120,8,"대단한 책, 조지 오웰의 팬이라면 누구나 시도할만 합니다"
9791196830120,8,1984를 다시 읽던 중에 배송이 되어 잘보았네요우선 생각보다 책이 커서 깜짝 놀랐네요양은 그리 먾지 않아서 금새 다 읽었네요조지 오웰이 본명이 아닐줄은 몰랐었네요스페인내전 참전..빗발치는 총알을 뚫고 이 잡겠다고 물에 뛰어드는 장면은 놀라울 정도네요
9791196830120,8,"생각만큼 대단한 명작은 아니었고, 설명이 너무 빈약한 면이 있습니다. 조지오웰의 생애를 간단하게 정리하여 보기에는 좋네요."
9791196830120,8,"좌지 오웰은, 자고로 김대중 선생님께서 찰진 발음으로 좌지 오웰~ 이라고 해주시는 그 발음만이진실합니다. 그의 legacy를 이어 받아 금번 새로나오는 좌지오웰의 책은 살 수 밖에 없었습니다. 물론 출간 지연 등의 사소한 이슈도 있었지만. 기다림의 미학이랄까, 책이 더 잘 빠진 상태로 배송되었다"
9791196830120,10,"한 컷 한 컷, 멈춰 바라보게 한다. 한참 들여다보고 있으면 마침내 컷 안의 거리와 풍경, 인물이 살아나 움직인다. 그렇게 컷을 따라가다보면 오웰이 옆에서 함께 걷고 있다는 착각에 빠지게 된다."
9791196830120,10,좋은책.북펀딩 감사합니다
9791196830120,8,좋았던점1 조지오웰의 인간적인 면이 잘 표현되어있다2 조지오웰의 책에서 땨온내용은 타이프서체로 구분되어서 좋았다 아쉬운점: 일대기를 다루었지만 포인트만 있어서인지 짧게느껴짐. 책장을 덮었을때 뭔가 책이 완성되다말았다는 느낌ㅜㅜ결론: 조지오웰을 모르는 사람이 보기에 적합함!!
9791196830120,8,오웰의 전기를 읽는다는 기대를 접고 본다면.... 페이지마다 공 들인 그림들을 감상하는 재미가 있다. 책의 만듦새도 훌륭하다.
9791196830120,10,북펀드 처음 했는데 너무 의미가 깊고 소장가치  100% 입니다 잘받고  너무 기쁩니다
9791196830120,10,조지오웰에 대해 깊이 알 수 있는 책을 펀딩해서 받아보니 뜻깊습니다.
9791196830120,10,재미있습니다.
9791196830120,10,펀딩하고 잊고 있었는데 이름까지 새겨진 책 받아보니 행복했습니다.선착순에 들어서도 뿌듯했구요. 펀딩으로도 책을 만든것 같은 대리만족이 됩니다. 감사히 잘 받았습니다. 딸들도 고급지다며...책의 겉모습만이 미래를 앞선 조지오웰의 책이라 더욱 고급집니다.
9791196830120,8,펀딩을 하는  건 처음이었지만 제가 좋아하는 조지오웰  전기에 할수있어서 영광이었습니다 아이들을 가르치고 있는데 동물농장하면서 함께보여주고이런문화도 있다는걸 보여주었습니다 ^^ 다만 오웰에 대해 잘 알아야 이해할 수있는부분들이 있었습니다 (어색한부분) 그래서 보충설명을 해주어야했
9791196830120,8,그림도 재밌고 내용도 괜찮은데 가독성이 조금 떨어져요
9791196830120,8,멀게만 느껴졌던 시간과 공간을 넘어 붉디붉은 사상의 에릭아서 블래어를 제주의 4.3을 다룬 동백꽃지다-를 만나 듯 35년 전 암울한 시대 80년대로 흘러 들어갔다.체제 속으로 들어가 체득하고자하는 마음이 강렬하게 와 닿아한 번 더 “나 때는 말야!” 하고픈 오지랖 꼰대짓이 스멀거렸다.너네 !
9791196830120,8,오랜만에 더 비싸도 괜찮다고 생각한 훌륭한 만듦새와 꽉찬 내용의 도서. 조지 오웰을 가장 생생하게 만나는 방법.
9791196830120,10,펀딩은 처음으로 했는데 책을 받아보고 아주 만족했습니다 책의 크기며 질감 내용까지 뭐 하나 빠뜨릴게 없습니다 이런 하드커버 시리즈로 계속 만들어진다면 펀딩책들 다 수집해보고 싶은 욕심도 생기네요
9791196830120,8,펀딩한 책을 받았을 때 느낀점1. 아니 책이 왜 이렇게 크지?    ㅡ 가지고 다니기 불편함.2. 책의 겉모습이 너무 고급스럽잖아.    ㅡ 불필요한 점에 돈이 많이 들어간 점.3. 어? 이런 ㅠ. 만화네.    ㅡ 보다보니 재밌네. ㅋ
9791196830120,10,기대했던것보다 훨씬 좋았습니다.
9791196830120,10,"오웰의 글을 먼저 접한 뒤 그의 생애를 전반으로 볼수 있다. 그래픽 노블을 통해 다시 만나도 좋다. 책의 품질이 좋고, 펀딩하고 오래 기다린 보람이 있었다 :)"
9791196830120,10,그림도 좋고 칼라 페이지 흑백 페이지 구성도 좋아요
9791196830120,10,알라딘 북펀딩을 통해 조지오웰의 일생을 재미있게 볼 수 있어 좋았다.  책도 깔끔하고 구성도 좋아 만족스럽다.
9791196830120,10,드디어 도착한 조지오웰의 만화책 그림체도 너무 좋고 무엇보다 평소의 잘 몰랐던 조지오웰의 모습의 내용이  좋았습니다. 계속 소장하며 심심할때마다 읽어도 좋을것 같습니다^^
9791196830120,10,전체가 만화인 책을 오랫동안 기다렸는데 기대만큼 잘 나온 것 같다. 작가가 프랑스인이라 영국적인 특징과 프랑스적인 특징이 독특하다. 여러 번 읽고 있다.
9791196830120,10,"어릴 적부터 듣던 전설같은 그 이름 조지 오웰의 이야기를 그래픽 노블로 만나게 되다니.펀딩 소식을 접하자 마자 모조건 클릭 클릭.책을 받기 까지는 상당히 긴 기다림이 필요했지만, 잠시 잊고 있던 어느 날 찾아 온 택배상자를 열어보고 표지처럼 붉어진 내 얼굴은 마치 심장처럼 두근거렸다."
9791196830120,8,오웰을 다소 건조하게 재현한 거 같지만 글쟁이 팔자가 애초에 건조하겠거니 생각한다. 암튼 잘 만든 만화.
9791196830120,10,"<1984>나 <동물농장>, <카탈루냐 찬가> 등지에서 따로따로 만나던 오웰을 한꺼번에 만나게 해 준다."
9791196830120,10,"이렇게 사이즈가 큰 책인줄, 멋진 양장인줄 몰랐다. 출판사 하나도 안남을까봐 걱정하긴 처음!"
9791196830120,10,작고 두껍고 상세한 평전이 아니라 크고 다소 얇고 굉장히 함축적인 만화였다. 조지 오웰이 필명이란 것도 몰랐고 그의 일생에 대해서는 아는 것이 없었다. 이 책으로 인해 동물농장과 1984가 그냥 상상으로 나온 소설이 아님을 알았다. 만화지만 쉬이 읽히진 않는다. 궁금한 것이 더 많아졌다.
9791196830120,10,재밌게 읽었습니다. 평소 조지오웰의 작품을 좋아했기에 오웰의 에세이 중간 중간에 나오는 내용이 만화로  표현되어 있어 흥미롭게 읽었습니다.
9791196830120,10,직접 펀딩에 참여하고 드디어 완성된 책을 내손에 들고 읽으며 더욱 감동이 밀려왔다. 오래전 조지오웰이 바라 본 세상도 현재와 많이 닮아 있을 것 같다. 만화와 삽화... 그리고 그의 작품들과 함께 너무나 잘 모아진 기록과 이야기들 덕에 마음이 뿌듯한 밤이다.
9791196830120,8,오랫동안 기다렸다가 받자마자 단숨에 읽어버렸네요. 작가에 대한 약간의 배경지식을 갖고있는 상태에서 보면 좋을것같아요. 작가의 인간적인 면을 엿볼수 있는 책입니다. 그가 얼마니 순수한 사람인지 알게해주고 오해를 풀게 해주는 책입니다. 좀 더 길었으면 하는 아쉬움이 있네요.
9791196830120,10,오웰의 담배연기에는 많은 고뇌가 담겨 있다. 그래서 오웰강의 잔잔함 속에 숨어 있는 격정을 읽을 수 있다. 가장 낮은 곳으로 침잠한 오웰을 생생히 느낄 수 있다.
9791196830120,10,솔직히 그림책인거 모르고 펀딩에 참여했습니다 그저 표지가 이쁘고 조지오웰이라는 이름을 들어봐서?  펀딩에 참여했지요 처음엔 만화로 되어있음에 놀랐지만 보다보니 다큐를 본다는 느낌이랄까 그림체도 맘에 들어서 천천히 보았습니다 조지오웰이 궁금해졌고 그의 책이 궁금해졌습니다
9791196830120,10,좋아하는작가전기펀딩참여흐뭇하네오스케치의기법이제개인적인생각으로고전적으로느껴져더좋았어요
9791196830120,10,책을 읽어 봤는데 정말 좋았습니다. 조지 오웰이라는 작가에 대해 좀 더 알게 되었구요. 오랫동안 제 책장에 한자리를 채워줄 도서일 듯 합니다.ㅎㅎ
9791196830120,10,저는 대학때 영미소설 과목으로 1984를 배웠어요  하층민의 삶속을  파고든 영국인 조지오웰을 잘알게 되어 책을 읽고난  기쁨과 감회가 컸습니다  그는 멋진 작가의 삶을 산것같아요
9791196830120,10,조지오웰의 1984와 동물농장을 처음 읽었을 때의 그 충격을 평생 잊지 못합니다. 인간 군상의 디스토피아의 끝판은 어디까지인지를 세밀하게 묘사할 수 있는 유일한 작가라 생각이 됩니다.
9791196830120,10,아직 읽진 못 하고 훑어보기만 했는데도 뿌듯하네요. 소장가치 넘치는 책이예요
9791196830120,10,좋은 책 향기가 난다.
9791196830120,10,북펀딩하길 잘했네요. 짧지만 강렬하고 인상깊은 작품입니다. 조지오웰에 대한 궁금증은 더해가고 좋은책은마음을 즐겁게 합니다.
9791196830120,8,조지오웰의 삶과 더불어 비교적 잘 알려져있지 않은 작품들을 알게된 책
9791196830120,10,조지오웰의 전기가 그래픽노블로 나온다기에 북펀딩 하였습니다.  좋은 책입니다. 더불어 조지오웰의 대표작들도 다시 정독하기 시작하였네요
9791196830120,10,기다림이 아깝지 않았습니다. 대상에 대한 애정이 그림 한 컷 한 컷에서 느껴졌어요.
9791196830120,6,"천 가방 받으려고 후원했다. 이 만화는 어디까지나 입문에 불과하다. 오웰을 알려면 만화 말고 직접 오웰이 쓴 글을 읽어봐야 한다. 다행히도 책 뒤쪽에 출전이 명기되어 있으니, 그걸 찾아 읽어봐야겠다."
9791196830120,8,좋은 경험입니다.펀딩으로 도서를 구매하고1판 1쇄로 게다가 구매할 수 있게 되었네요.물론 좋은 책이거니와재본이 상당히 마음에 듭니다.흔하지 않는 실 재본이네요.
9791196830120,10,이 정도로 책이 잘 나올줄 몰랐습니다. 아래분 말처럼 본인이 보았으면 좋았을것에 공감합니다. 앞으로 이런 출판 많이 이루어 쟜으면 좋겠습니다.
9791196830120,10,조지오웰...드디어왔네요책크기가 엄청 큽니다;;;;;만화라 부담없이 읽을수있겠어요잘읽고~잘~소장할게요
9791196830120,10,처음 받고 깜짝 놀랬어요 우선 생각보다 책이 커서~너무 너무 좋았습니다종이질도 좋았구요 책 표지도 너무 좋구요물론 책 내용이야 말 할것없이 좋구요 구성도 좋았어요그림도 개성있게 보였습니다 제가 평가하는건 아닌것 같구요 책을 좋아하는 사람으로서 이런 책을 가질 수 있다는게 좋아요
9791196830120,8,책꽃이에 예쁘게 올려둘 수 있을 정도로 멋지게 제본된 외형이 마음에 든다. 오웰의 삶을 파노라마처럼 새겨보며 그의 작품들이 탄생하게 된 배경을 어렴풋하게나마 추측해 볼 수 있어 좋다. 만화라는 형식이 담아내지 못한 인생의 세밀한 궤적과 사건에 대한 내밀한 감정묘사의 부족은 아쉽다.
9791196830120,10,"펀딩에 참여할 수 있게 되어 뜻깊고, 책 실물도 생각했던 것보다 멋지네요."
9791196830120,10,‘자유분방한 괴짜스러움과 사회에 대한 연민을 하나로 결합하면서 그는 고국에서 원주민이 되었다‘.예상보다 출간이 늦어서 많이 기다렸어요. 빨간 표지가 참 예쁘네요. 그의 삶이 어떤 소설보다 소설같네요. 감사합니다.
9791196830120,10,"북펀딩해서 오자마자 읽었습니다.조지 오웰의 전체적인 삶과, 그가 쓴 책들을 이해하는데 도움이 됐습니다.책의 크기, 퀄리티 매우 만족합니다."
9791196830120,10,읽기 전 사진을 예쁘게 찍었는데세바스티엥 베르디에가 취저의 그림들과 함께 하니제 사진은 흙손이더군요.뭔가 끊기기 싫은 숨으로 읽어나가고 더불어 순간순간 멈칫한 곳들도 있어 기쁩니다. 확실한 선택이었습니다.
9791196830120,8,"그림은 최고, 내용과 구성은 괜춘,  기획은 에엣 글쎄...? 장정이 예상보다는 좀 허술해서 읭?했습니다."
9791196830120,10,"˝블루노트 : 타협하지 않는 음악˝을 구매했을 때와 맞먹는 만족감. 크고 아름다운 책이다. 책이라는게 읽어야하는 거지만, 이 건 사야하는 책이네. 아 뿌듯하다."
9791196830120,10,펀딩후 기다린 시간이 좀 길었지만 책의 판형이나 오웰에 대한 충실한 내용에 감사
9791196830120,2,구성의 문제인지 번역의 부족함인지.....조지오웰이지만 조지오웰의 것은 아니라는 걸.....아뿔싸~~
9791196830120,8,지난 여름 파리 거의 모든 서점 가판대에서 좋은 자리를 차지하고 있던 책. 재밌고 좋다. 생략되거나 각색되거나 사실과 다른 부분도 종종 눈에 띄지만 크게 중요한 건 아닌 것 같다
9791196830120,8,글을 읽는 것도 좋았지만 그림을 통해서 느낄 수 있는 것들이 신선했다.책 맨 앞 부분과 뒷 부분 접착부가 운 것과 중간에 있는 잉크 자국을 빼면 만족스럽다.
9791196830120,10,오늘 받자마자 보고있습니다. 오래 기다린만큼 좋네요!
9791196830120,8,만화(그래픽노벨) 형식이라 좀 편하게 읽힐 줄 알았는데 생각보다 분량이 많아요 ㅎ 언제 날 잡고 읽어야할것 같아요.
9791196830120,10,처음해보는 북펀딩 흥미있는 주제를 펀딩으로 얻을수 있어 너무 좋고 유익한 도서
9791196830120,10,생략된 내용은 유추해가면서 읽어야하는 점이 있지만 조지오웰이 탄생하기 이전의 에릭 블레어의 삶을 들여다 볼 수 있어서 작가에 대해 더 잘 이해하게 되었습니다. 그림도 세밀하고 멋져요.
9791196830120,10,이렇게나 정성이 가득 들어간 책이라니.. 처음엔 책 크기에 놀라고 삽화에 놀라고 짜임새에 놀라고 여러모로 만족합니다.
9791196830120,10,좋은 구성입니다.북펀드라는것 처음들어봤는데다음에도 알라딘에서 진행한다면참여할 의향이 있습니다. 책퀄리티도 좋구요근데 예상시간보다 배송이 너무 오래 걸렸네요
9791196830120,10,"드디어 오늘 수령한 조지 오웰 처음 접하는 작가에다책크기에 한번 놀라고, 정말 뜻깊은건 펀딩한 사람에 내이름이 똭!!!! 잘 읽고 다시한번 후기 남기겠습니다수령후 너무 좋아서 글남겨 봅니다"
9791196830120,10,"기다리고 기다리고 기다리던 책이 왔네요~~너무나 어울리지만, 아이들에게 보이기엔 왠지 너무 강렬한 표지 그림이라~ 우리 유치원생 좀 더 클 때까지 책장 한켠에 잘 놓아야겠어요^^;;"
9791196830120,10,문행일치의 작가 조지 오웰의 행을 알 수 있는 퀄리티 높은 책입니다.
9791196830120,10,세바스티 앵베르디에 의 그림이 너무 취향이어서 한컷에서 다음 컷으로 넘어가는데 너무 오래 걸렸다. 나는 그냥 오웰이 살고 있는 그 시절로 들어가 앉아 있는 기분마저 들었다. 오웰의 작품을 좋아하는 사람들이라면 누구나 다 즐겁게 볼 책 같다.
9791196830120,6,그림과 책 만듦새 다 성실한 모범생 느낌. 몇 페이지 읽었는데 재미도 있다. 책은 큰데 글씨가 좀 작다.배송길이 험했는지 책 귀퉁이 두 곳이 콱 찍혀 왔다.
9791196830120,10,책 퀄리티가 왜 이렇게 좋나요? 크기도 생각보다 커서 놀랐습니다.
9791196830120,10,조지 오웰이 이 책을 볼 수 있다면 무척 좋아했을 것 같다. 글쓴이나 그림을 그린이 모두 정성을 한껏 기울인 책이다.
9791196830120,10,이런 북펀딩은 처음 접하는데 책은 예정일보다 늦어지고 그래서 괜히했나 싶었다. 그런데 책이 도착되어 받아보는 순간 우와! 하고 감탄을 했다. 생각했던것보다 책도 고급지고 그림도 나쁘지않았다. 내가 좋아하는 작가 조지 오웰에 더 가까워질것같다
9791196830120,10,"오래전 선견지명의 혜안으로 바라본 세상의 모습을 유려한 화법에 담으시어 감탄을 하게 해 주신 작가님의 자연인으로서의 모습을 정성으로 담은 이 책이 조지 오웰 님께 귀한 헌사가 되기를 바라고, 독자분들께는 조지 오웰 님과의 시공을 넘는 소중한 마주함이 되시기를 바란다.특별한 책 감사합니다"
9791196830120,10,기대됩니다!!!
9791196830120,10,여러 이름으로 불렸던 그래서 올라운드 플레이어라고 평가 받았던 조지오웰! 그는 왜 여러가지 인격을 가진 채 삶의 무게를 짊어졌을까? 아마도 ‘뜨거움‘ 아니었을까? 하나의 현실을 마주했을 때 긍정이냐 부정이냐를 떠나 뜨거운 비판적 성찰을 수행한 명실상부한 지식인이었던 것이다.
9791196830120,10,재밌겠네요
9791196830120,10,오우~~조지오웰 기대하고 있습니다.
9791196830120,10,오홋! 문닫히기 전에 잡아야겠네요
9791196830120,10,조지오웰에 대해 알게 되는 만큼 그의 작품을 이해하는데 도움이 될거란 생각에 처음으로 펀딩을 해봅니다. 그만큼 기대되고 기다려집니다.
9791196830120,10,첫 북펀딩 입니다. 조지 오웰의 책으로 첫 북펀딩을  해서인지 의미도 깊고 기대도 큽니다.
9788936479671,6,맑스주의자가 보는 예술사에 대한 공시적 접근.
9788936479671,8,"옛날의 나였더라면 소장했을 책인데, 이제는 책장에 꼽아두기만 할것 같은 책들은 좀 주저하게 되어요. 그래도 이렇게 주저하게 되는 책들은 선물하거나 선물 받으면 뿌듯할것 같긴합니다. 도서관에는 구판이 있는데, 그래도 개정판도 구입해주면 좋겠어요. 새책이 더 읽을맛이 나니깐요. ㅎㅎ"
9788936479671,6,시대가 변했다. 너무 칭찬하지 말자! 황지우시인과 유홍준교수 그리고 지금 50대에 접어든 사람들에게 80년대는 미메시스와 이 책외에는 별로 볼게 없었다.
9788936479671,10,고전은 읽을 가치가 있다
9788936479671,6,결재후 배송을 기다리던 책 입니다. 내용이 어려우면 어쩌나 이해가 잘 되나? 번역은 어쩌나? 암튼 걱정이 좀 되긴 했어요. 리뷰를 안보고 구입한건 처음이라... 하지만 1권을 읽으면서 일단 번역이 맘에 들었구요. 그림위주로 설명을 하는 구성이 지루하지 않게 재밌게 되어있어서 술술 잘 읽혔습니다
9788936479671,8,고민하다가 아트북때문에 또 사네요...ㅎㅎ기대됩니다.
9788936479671,10,올컬러 개정판이 나와 매우 기대됩니다.
9788936479671,10,미술공부하는 학생이라 꼭 읽어보고 싶었는데 아트북까지 준다니 너무 기대되요
9788936479671,10,기대됩니다 문화예술쪽으로 공부하고있는데 도움이 되었으면 좋겠네요
9788936479671,10,만듦새가 정말 좋습니다.소장용으로도 좋고 아트북도 서비스로 와서 좋습니다.
9788936479671,10,멋진 아트북과 함께 소장하게 되어 기쁩니다!
9788936479671,10,책과 더불어 콜렉션 아트북을 소장할 수 있어서 일석이조!
9788936479671,10,기대됩니다 주문했습니다 아트북도 배송 바랍니다..ㅎㅎ
9788936479671,10,"개정판이 나오는 걸 계기가 되어 읽기로 했습니다.개정판 전 책의 원래 글씨 크기나 그 모양 등이 제 눈에는 거슬렸습니다.그런데 개정판은 그렇지 않고 마음에 쏙 들더군요. 어려운 책, 이렇게 접근하기 쉽도록 개정해주셔서 감사합니다.문학과 사회에 관심이 많아 하루빨리 이 책을 읽어보고 싶네요!"
9788936479671,10,이책이 개정되어 나오다니!! 정말 대박입니다. 바로 구매!!
9788936479671,10,드디어 구매하네요~ 개정판과 아트북 빨리 배송되었으면 좋겠어요~^^
9788936479671,10,"요즘 예술사에 관심이 생겨 관련 서적을 알아보고 있던 중인데, 이렇게 좋은 책이 개정이 되어 나왔네요~ 구매하게 되어 기쁩니다!"
9788936479671,10,바쁜일이 있어 이제야 구매하네요.  개정판과 아트북  기대됩니다
9788936479671,10,"저만 모르는 고전이 여기 또 있었군요. 학생들과 함께 읽을 건데, 추천 문구에 끌려 산 것도 사실이지만, 인문학을 공부할 때 좋은 길잡이가 되어줄 책을 산 것 같아 마음이 든든합니다!"
9788936479671,10,어머니께서 책도 아트북도 너무나 기대중이세요
9788936479671,10,구매..개정판과 아트북 기대됩니다.
9788936479671,2,다들 아트북에 이상 없으신가보네요. 저는 2번이나 아트북 앞 표지가 제본에서 떨어져버리던데. 원래 그런건가요?
9788936479671,10,칼라판으로 새롭게 나왔다니 빨 리 보고 싶네요.
9788936479671,10,드디어 소장.
9788936479671,10,호평에 너무나 궁금하여 구매하였습니다. 기대가 됩니다. 아트북은 본서 안의 도판이 따로 나와있는건가요? 빨리 받았으면 좋겠네요.
9788936479671,10,무척 기대됩니다
9788936479671,10,예전부터 항상 가지고 싶다고 생각만 했는데.. 개정판이 나와서.. 드디어 구매하게 되네요! 아트북도 같이 받고싶어용..
9788936479671,10,이미 있는 책이지만 다시 또 구매합니다. 새로워진 도판에 대한 기대감으로 어서 보게 되길 바랍니다. 아트북도 어서 보고 싶습니다.
9788936479671,10,구판을 가지고 있지만 다시 구매합니다!! 개정판에 컬러 도판까지!! 무척 기대가 됩니다!!
9788936479671,10,해외여행을 가서 박물관을 돌아 보는데 아는 것이 하나도 없어서 이책을 오늘 일고 교양인이 되보려고 합니다.
9788936479671,10,무척 설레며 기대하고 있어요. 마누라한테 졸라서 겨우 샀어요 ㅠㅠ
9788936479671,10,"무척 기대됩니다. 구판을 가지고 있음에도 구매할 장도로, 우리 아이가 크면 꼭 같이 읽고 싶을 정도로 잘 나왔네요. 아트북도 꼭 받았으면 좋겠습니다."
9788936479671,10,나이가 듦에 따라 교양이 많이 필요함을 느끼며…. 조금 더 성장할 수 있게 만들어줄 책 같아 기대가 됩니다.
9788936479671,10,소설처럼 읽었다. 이제 삽화도 보자.
9788936479671,10,"대학때 읽었던 책인데, 제가 읽다가 중딩 아들한테 물려주고 싶네요. 아트콜렉션 너무 기대되요."
9788936479671,10,새로운 판형과 도판 기대됩니다.
9788936479671,10,"빌려서 찔끔찔끔보닥, 때마침 개정판이 나와 구매합니다! 기대됩니다 >.< 아트북도 !!"
9788936479671,10,언젠가 읽어야지 하면서 벌써 30년이 지났군요. 기대가 큽니다.
9788936479671,10,대학 때 표지만 열심히 봤던 기억이 있네요..이번에 제대로 읽기 위해 주문했습니다.아트북도 기대 합니다.^^
9788936479671,10,도서관에서 빌려보면서 아쉬웠는데얼른 왔음 좋겠네요물론 아트북도 같이요^^
9788936479671,10,이 유명한 책을 모르고 있었군요. 상식이 넓어지기 바랍니다. 아트북도 기대에요
9788936479671,2,디자인 바꾸고 가격만 바꾼것
9788936479671,10,오랜만에 좋은책~~기대됩니다.
9788936479671,10,기대만땅입니다~!!지인이 선물로 알라딘에서 구매를 해줬네요..어여 오너라~~~^^(배송지로 확인가능..)
9788936479671,10,이메일 온 내용보고 구매합니다. 완전 기대돼요 아트북도 준다고 해서 얼른 구매했습니다.
9788936479671,10,책도 아트북도 기대됩니다~ ^^//
9788936479671,10,새로운 번역일지 좀 기대되네요~ 아트북도요
9788936479671,10,소장하고 싶었던 책인데 개정판 나왔다고 해서 바로 구매했어요! 아트북도 같이 준다고 하시니 더더욱 기대됩니다. :D
9788936479671,10,예전에 도서관에서 빌려봤는데 개정판이 나와 이 기회에 구입합니다. 아트북도 기대되네요.
9788936479671,10,미술사 공부를 막 시작하는 와중에 이렇게 개정판이 나와 정말 기쁩니다 구판은 4 권이 있는데 이번 기회에 세트로 구매하였습니다 아트북도 기대 중입니다! 아트북과 함께 세트 잘 보내주세요~
9788936479671,10,"다양한 분야의 책을 좋아하고 즐겨 읽지만 그 중에서도 예술과 과학을 좀 더 좋아하는 큰아이가 매우 좋아하리가 생각됩니다.지금 이시간에 독서실에서 공부하느라고 이 책의 구입여부를 물어볼 수는 없지만, 분명히 구입신청을 하면 엄마에게 뽀뽀를 해 줄 것입니다. 아트북을 위해서 미리 구입합니다"
9788936479671,10,개정판 기대되네요 아트북도 부탁드려요!
9788936479671,10,너무나 좋아하는 책이라 신판도 추가로 구매합니다 기대되네요~
9788936479671,10,아트북 기대됩니다....빨리 받고 싶네요..기대 만땅^^
9788936479671,10,두근두근 기대됩니다.
9788936479671,10,진작에 칼라로 나왔으면 좋았을 것을. 30년 전에 보았던 책을 새로 사는 것은 즐거움이네요. 아트북도 기대합니다.
9788936479671,10,지금 신청합니다. 아트북도 보내 주세요.사랑하고 축복합니다.
9788936479671,10,기대합니다!
9788936479671,10,오래 전부터 읽어보고 싶었던 책에 아트북까지. 기대된다.
9788936479671,10,칼라로 바뀐 도판이 기대됩니다.
9788936479671,10,구판 소장하고 있습니다. 개정판과 비교하며 읽어볼 생각을 하니 벌써부터 가슴 설레입니다. 아트북도 기대하고 있어요!
9788936479671,10,구판에 비해서 무었이 달라졌을까 기대됩니다.
9788936479671,10,어떤 내용들로 채워졌는지 기대해 봅니다.
9788936479671,10,구판 소장하고 있으나 새로운 도판이 추가된 개정번역판이 나와 다시 주문합니다. 아트북까지 있다니 더 기대되네요.
9788936479671,10,"구판이 있지만, 개정판을 다시 구매했습니다. 좋은 책이 새단장을 했다니 무척 기대됩니다."
9788936479671,10,컬러도판 기대됩니다.
9788936479671,10,기대됩니다 개정판
9788936479671,10,예술사를 한번 제대로 훑어보고 싶었는데 정말 기대됩니다.
9788936479671,10,"새로 나올 때 마다 구매하고 싶은 책, 기대되는 개정판...가끔씩 펼쳐보는. 문화사의 교과서같은 책이다."
9788936479671,10,"개정판, 많은 기대가 됩니다."
9788936479671,10,매우 기대되는 책이네요
9788936479671,10,빨리 만나보기를 기대하며 주문합니다.
9788936479671,10,정말 보고 싶은책이예요. 이전에 발간된 책이 있느나 칼라 사진으로 되어 있는 새 책이 나온다니 정말 반가운 소식 입니다.
9788932027081,4,내용 자체는 나쁘지 않으나 가독성이 매우 떨어져 긴 문장들이 단순한 허례허식으로 느껴짐.
9788932027081,2,작법서를 생각하고 본다면 절대 보지 말길. 스토리텔링에 대해서 말하고 있지만 정작 자기가 말하려는 바를 이야기할 줄 모름. 일단 가독성이 엄청 떨어짐. 문장 구조나 나열도 형편없고 개념어가 많음. 내용도 교과서에 나올 법한 뻔한 이야기이거나 학술적일 만큼 분석적이라 실용적이지 않음.
9788932027081,10,"모든 분야 이야기꾼들의 가장 기초적인 바이블, 스토리텔링을 가르치고 가르침 받을 사람들의 필독서."
9788932027081,6,"｀이야기하다｀라는 말의 의미, 실질적인 글쓰기방법!"
9788932027081,10,"컨텐츠가 필요하다는 이야기는 많지만, 정면에서 다룬 책은 그렇게 많지 않은 것 같다. 많은 도움이 되었다."
9788997322169,10,자기이야기를 쓰려는데 조금 힘들다면책의 도움을 받을 거 같아서
9788997322169,8,"삶의 한 조각으로 인생의 전체를 말할 수 있을까? 불가능해 보이는 것을 글 속에서 가능하게 만들 수 있는 사람이 작가이다. 자신의 삶도 말하지 못하는 사람이 어떻게 타인의 삶에 대해 이야기할 수 있겠는가? 한편으로, 나는 그들의 삶에서 배울 만한 점을 찾고 싶다."
9788942817337,2,책상태가매우좋지않아요.겉표지가찢어지고정말실망입니다.교환하기귀찮아그냥봅니다
9788960780439,10,학교다닐때 문학파트에서 시만큼 나를 괴롭히는건 없었다. 그런데 이제 성인으로 편한 관점에서 교양인으로서 시도 읽어보고 싶다는 생각이 들었다. 하지만 무슨시 부터 읽어야 할지 막막했다. 그래! 교과서 시부터 시작하면 되겠다.
9788960780439,10,나이든 사람들도. 교과서에 나오는 책들을 읽을수 있는 기쁨을 누릴수 있음.
9788960780439,10,"시의 출처가 정확하다는 점, 언제 어디에 처음 발표했는지 알 수 있다는 점만으로 만족."
9788960780439,8,잘 받았습니다
9788960780439,8,좋은 책이네요. 입시생들에게도 읽힐 만합니다.
9788960780439,10,교수님추천
9788960780439,10,국어교육 전공생들이라면 필수!!
9788960780439,10,"아는 교수님께서 추천하셔서 읽게 된 책인데, 이해하기 쉽고 좋아요 ^^"
9788960780439,8,편안하게 앉아서 쉽게 읽을 수 있는 책.
9788936410889,8,절판이 안 되어 기쁘나 개정없는 판쇄는 뭘까. 오래된 편집본과 디자인을 제외한다면 훌륭하다.
9788936410889,10,가격도할인돼고배송도빠르고정확해서좋았습니다.앞으로도좋길바라겠습니다!!
9788937460098,6,고딩때 문학에 대해서 배웠던 것과 전혀 다른 내용이라서 충격을 줬던 책.
9788937460098,8,"언어의 사물화, 내겐 신선하고 정말 재미있다 살아있다면 얘기 나누고싶은 지식인, 사르트르"
9788937460098,8,"사르트르가 내리는 ｀문학｀의 정의가 무조건 옳아서 이 책이 좋은 것이 아니다. 다만, 문학이 뭔지, 왜 이런 게 아직도 쓰여지고, 만들어지는지를 깊이있게, 꽤 잘 통찰해내기에 좋은 것이다."
9788937460098,6,문학이란.....
9788937460098,4,그래서... 문학이란 과연 무엇인가?
9788925589527,10,"수필쓰기 증보판이 새 모습으로 출간되었다. 수필계 풍성한 수확물이다. 수필에 마음을 둔 분이라면 필히 읽기를 권한다. 이유는 이 책을 펴는 첫장에서부터 느껴질 것이다. 문장을 써 나가는 기초부터 수필을 끌고 가는 구성력 수필의 주제, 의미화하는 것까지 보여주고 있기 때문이다."
9788925589527,10,수필계의 거장 이정림 선생님의 수필 쓰기개정 증보판 출간 소식을 듣고 바로 달려왔습니다.선생님 축하드립니다.잘 읽고 잘 배우겠습니다.
9791190749046,10,판타지에 대한 전반적인 부분이 많이 나와있다. 판타지 장르볼때 큰 도움됨
9791190749046,8,"직업별 연봉과 자격요건이 인상적이에요ㅋㅋㅋ 주요 직업은 테크트리나 관련 내용이 같이 있구요, 직업별로 세세한 설정보다는 전체적인 개요 파악에 좋아요 참고하기도 좋고 흥미삼아 읽기도 좋을듯"
9791190749046,10,이런 책이 나오다니!! 좋으네요!
9791190427654,10,잘 읽고 있어요.
9791190427654,4,알아두면 3할은 도움될 듯! 나머지 7할은 미지의 창작영역. 여기엔 답이나 규칙 같은 게 없다.  막연하게 부딪혀보는 수밖에는...
9791190427654,10,"막막했던 글쓰기에 등불이 되어주었습니다. 돈만원에 10년치 경험을 한번에 획득한 느낌이요~ 작가님의 실전 경험과 디테일한 글쓰기 노하우, 분석이 많은 도움이 되었습니다. 감사(꾸벅)"
9791190427654,6,문장이 읽기 쉬웠다. 팁들은 큰 이득없이 평이하다. 띠지에 퇴근 후 10억 같은 얘기는 지우는 편이 좋아보인다.위에 이미 누적 조회수를 적어놓고 저런 멘트를 달아놓으면독자와 거리좁히기에 도움 안된다. 구매하는 것이 속는 기분이 듬.
9791190427654,10,기존의 웹소설작법서 중에서 가장 추천할만한 책. 요행을 버리고 작가가 되기위해서 어떤자세로 준비해야하는지 책을 쓴 작가의 진심이 느껴진다.
9791190427654,8,"구매해서 두 시간만에 읽은 책. 웹소설에 대하여 아는 사람이라면 다 아는 이야기 썼네, 할 것이고 웹소설에 대하여 모르는 사람이라면 재미있을 듯. 아쉬운 점은 로맨스웹소설과는 그다지 맞지 않는 조언이... 장르를 분명히 밝혔어야 하지 않을까..."
9791190427654,4,웹소설을 통틀어 설명해주기 보다는 현대 판타지 쪽에만 몰려있는 듯. 다른 장르 소설을 적기 원하는 분이라면 크게 도움이 되지 않을 것 같습니다.
9791190427654,10,산경 작가가 작법서를 냈다고 해서 바로 구매해서 받은 당일 다 읽었는데.. 추천 대상은 지망생 or 데뷔 1년 내 신인 정도 그 이상의 작가들은 배울 점이 거의 없다 하지만 목표 대상층에게는 나름 유의미할듯 제목의 내용을 기대한다면 나쁘지 않다 나머지는 덧글로
9788954658010,4,소설의 구조와 문체에 대한 끊임없는 말들의 잔치. 2주간 자가격리되어 있는데 정말 할 일이 없다면 한 번 시도해볼만하다.
9788954658010,10,"정말 재미있다. 바로 옆에서 나보코프가 문학 강의를 해주는 느낌. 여기 실린 7개 작품을 다 읽었다면 강의가 더 재미있겠지만, 그렇지 않더라도 충분히 흥미롭다. 제인 오스틴이나 디킨스를 좋아하지 않았는데, 다시 읽어봐야겠다. 장담한다. 이 책을 읽으면 문학 보는 눈이 완전히 새로워질 것이다!"
9788954658010,6,"소설의 구조와 문체를 세밀하게 읽어내면, 시간을 비실용적으로 그러니까 예술적으로 낭비할 수 있다. 나보코프가 쓴 소설에 별 관심이 없지만, 그의 문학 강의(비평)은 흥미롭다. 관심이 없었거나 그다지 재미를 못 느꼈던 작품을 세밀하게 다시 읽게 된다. 예술적 독서는 필연적으로  두 번 읽는다."
9788954658010,10,나보코프.. 이 미친.. 욕 나올 정도로 좋다.
9788937437984,10,우리가 계속 공부를 해야 하는 이유.
9788937437984,8,가부장적 한국문학에서 환대의 K문학으로
9788937437984,10,이런 기획 조으다... ><
9788937437984,10,"너무 듣고 싶었던 강의였는데, 기회가 안 되어 참석을 못 했어요. 출간해 주셔서 너무 감사합니다. 열심히 읽고 배우겠습니다."
9788997631889,10,우리 소설 속 장애 인물이 이렇게 많다는 사실에 무척 놀랐다. 또 한편으로는 일제강점기의 비참함 속에서도 꿋꿋하게 삶을 살아간 장애인들의 위대함을 새삼 깨닫게 되었다.
9788968171642,10,분철신청 잘 될까 걱정했는데 깔끔하게 보내주셨어요
9788968171642,10,"한국어 음성학/음운론의 현대 이론을 가지고 설명한 책으로, 믿고 볼 수 있는 책입니다."
9791156620211,10,글쓰기를 쉽게 알려주는 강의. 좋다.
9791156620211,8,"조곤조곤 말하는 듯한, 쉽고도 알찬 창작론! 드는 예가 좀 올드하긴 하나 꼰대는 아니고 한국 현당대문학의 예로 문학의 역사성 느끼게 해 주어서 좋음. 역시 작가는 누구보다 성실한 독자임을 보여줌. 표현(느낌)의 순차성과 주봉을 기억하겠음! 이분 잘 쓰는 부사 ‘애오라지‘. 나도 써봐야겠다."
9791156620211,10,쉽고 재밌고 예술적인 책...
9791156620211,8,삶은 어떻게 예술이 되는가와 같이 읽어볼만함. 친절한 강의같은 책.
9791156620211,10,우리 주변에 존재하는 모든 것들과 끊임없이 대화하고 소통하려 할 때 삶은 예술이 된다
9791156620211,10,문학에 대해 궁금한점들을 책을 통해서 알아보면 좋겠습니다.
9791156620211,10,"저자의 책 제목 뽑아내는 센스만을 두고 보자면 한 해에 하나 나오기 힘든 좋은 제목이라 생각한다. 고민, 고민 그것을 향한 과정."
9791156620211,8,문학의 심오함에 대해 다루는 만큼 문학에 가까워 질수 있겠어요
9791156620211,10,문학은 인간학이며 인간문제를 다루는것이고 인간은 언어와 떼려야 뗄 수 없는 관계에 있다는걸 알려주는 책이네요
9791156620211,10,"문학을 좋아하고, 늘 문학에 흥미를 가지고 있으면서도 문학이란 어떤건지 자주 고민하곤 합니다. 저와 같이 문학에 대해서 고민하는 이야기라서 좋습니다. 모든 사람에게는 각자의 문학이 있다고 생각하는데, 타인의 문학이란 어떤건지 궁금해서 읽습니다."
9791156620211,8,글을 좋아하고 문학에 대해서 많이 알고 싶지만 문학 그러면 왠지 어렵다는 생각이 들어서 쉽게 접하지 못 하는 저같은 사람이 보면 좋을 책 같습니다.
9791156620211,10,옆에두고 잊을때마다 다시 열어보고 싶다
9791156620211,10,개인적으로 2014년 올해의 책 중 하나입니다^^
9791156620211,10,많은 광고 속에서 구해낸 소중한 책
9791156620211,10,재미있게 읽었습니다
9791156620211,10,제목 만큼 낭만적이다
9791156620211,8,글쓰기에 대한 지평을 열어준 책
9791156620211,10,"이야 이렇게 좋은 작가수업 책이 있었다니!몇년전에 문익환평전을 재밌게 읽었는데...또 바로 그때 그사람 아니 그때 그작가였다니!! 작가의 술술 넘어가는 말을 읽고 듣다보니, 나도 모르게 몇 갑자의 공력이 쌓인듯하다! 강추!"
9791156620211,10,책을 읽으면서 한번 쯤 자신의 과거의 경험들을 생각해 보는 기회를 가져보았다. 막힘없이 술술~ 김형수작가님의 매력에 빠져 봅니다. ^^
9791156620211,10,여운을 주는 좋은 강의를 들은 기분. 쉽고 편하게 읽을 수 있다는 장점!
9791156620211,10,문학가 지망생이라면 한번쯤 읽어두면 많은 도움이 될 것 같아요.
9788936483326,6,"내용은 흥미롭고요, 번역은 실로 유감입니다. 내가 말하는 이것다움은 추상적 대상을 자기 쪽으로 끌어와 그것의 추상성을 가촉성으로써 훅 불어 없애는 세부사항, 즉 구체화를 통해 우리의 관심을 집중시키는 세부사항을 일반적으로 뜻한다. p79 이 부분 읽고 빡쳐서 처음으로 100자평을 남깁니다."
9788936483326,8,소설문체의 기본적인 특성에 대해 알고 싶다면 이 책을 읽을 것을 권하고 싶다.
9788936483326,10,최고다!
9788936483326,8,"유명한 문학비평가 제임스 우드가 소설을 읽는 방법에 대해 소개한 소설입문서. 특히, 시점 -그중에서도 자유간접화법-에 대해 지면을 많이 할애하고 있고, 유명한 영미문학의 작가들, 작품들에서 예시를 보여준다. 문장 하나하나 놓치지 않고 섬세하게 소설 읽는 자세에 감탄했다."
9788936483326,6,"무려 두 사람이 번역했는데, 그에 비해 번역이 너무 명쾌하지 못하다."
9788936483326,10,두루뭉수리해지기 쉬운 주제를 정확하고 구체적으로 설명하는 탁월한 책.
9788936483326,10,문학비평가나 작가지망생이라면 반드시 읽어야 할 입문서. 문학 작품의 예증을 들어서 구체적으로 서술하는 것이 이 책의 장점!
9788991508293,10,한문의 큰 바다에 빠져보고 싶은 이라면 반드시 옆에 끼고 조밀하게 읽어야할 입문서다. 교양서로도 손색이 없으나 전문성을 키우고 싶은 사람에겐 더욱 큰 도움이 되는 실력서이다.
9788991508293,8,공부하는 마음으로 읽어야 할 책인것 같다. 중문법은 왠지 낮설게 느껴진다.
9788991508293,10,"저자의 책은 처음 볼 때에는 난해해서 접근이 쉽지 않았지만, 보면 볼수록 배울 것이 많고 사골이 깊이 우러난 진국같은 책이다. 한문에 관심이 있는 초보 독자나 전공자가 입문하기 전에 몇 번 읽어 두면 개략적인 한문 공부법이나 한문학의 이해에 많은 도움이 될 것이다."
9788991508293,8,"스테디셀러 한학 입문..표지만 보면 내용이 딱딱해 보이지만 그렇지만도 않습니다. 한문, 한자에 관심 있으시면 꼭 한번쯤 읽어보면 좋은 책..^^ 평이한 서술체이면서도 글의 완성도는 상당히 높습니다. 입문서라고 하지만 깊이는 입문서 이상입니다."
9788991508293,10,초보자도 쉽게 접근할 수 있도록차근차근  설명해 주는 친절한 책입니다^^
9788991508293,8,"한문, 한학에 대해 전반적으로 살펴볼 수 있게 꾸민 책입니다. 전문적인 깊이는 부족하겠지만, 공부방향을 잡는 데 도움이 되리라 생각합니다."
9788991508293,8,공부할 목록 소개가 매우 좋다.
9788991508293,10,나이 들어 넉넉한 시간에 느긋하게 읽어야 하겠다
9788974832285,10,우리말이 가득 담겨 있는 좋은 사전이다.
9788974832285,10,아름다운 우리말을 알수 있는 소중한 기회였던것 같다. 국적도 모르는 말들이 판치는 때에 이런 아름다운 우리말들을 사용하며 익혀가는 것이 얼마나 보람된 일일지...
9788974832285,10,잘 쓰지 않는 우리말을 잘 풀어 쉽게 볼수 있다.
9788974832285,10,우리말에 대한 잘못된 점들을 알기쉽게 설명
9788974832285,6,예문들 중에 정치색이 짙은 것이 좀 있는데 그거만 빼면 좋네요
9788974832285,10,우리말을 분야별로 깔끔하게 정리해주셔서 좋습니다. 우리 말을 다듬고 이어나가는데 우리의 노력도 필요하다고 생각해요.
9788974832285,8,당연히 좋다
9788974832285,8,좋은 문장 쓰기의 기본 중 하나는 어휘력. 같은 의미의 단어라 하더라도 정제된 좋은 단어를 많이 아는 것이 힘입니다. 어휘력 기르기에 좋은 도서입니다.
9788974832285,10,"음... 생각한 것보다 내용은 좀 빈약한거 같았지만, 대신 그만큼 읽기는 편했다."
9788974832285,8,범람하는 정보와 뒤틀린 언어사회에서 꼭 필요한 책. 바야흐로 근본없는 진보는 없다.
9788974832285,10,좋고 멋진 우리 말들이 이리 많은 줄 몰랐네요 강추~
9788974832285,8,그동안 몰랐던 우리말을 알게 되고 그만큼 우리말을 더 사랑해야겠다고 생각하게한 책
9788974832285,10,우리 말을 자주 사용해야겠다. 너무 예쁜 말이 많다.
9788974832285,10,정말 아름다운 우리 말이 많구나.....
9788974832285,10,이런 단어도 있었구나 라고 생각을 하게끔 만들어주는 책입니다.예쁜 단어가 많아요.
9788974832285,8,"욕이 일상어가 된 요즘, 꼭 한 번씩 읽어 볼 만한 책입니다. 아름다운 우리말의 발견!"
9788974832285,8,좀 더 지금 많이 쓰이는 말들의 우리말이 있었으면 좋겠습니다.
9788974832285,10,글을 쓰는 사람이라면 누구나 갖고 있어야 할 책이 아닐지..
9788974832285,10,우리말은 참 섹시하다.
9788974832285,6,우리말을 쓰는게 더 어려워 진 요즘 세대들에게 추천합니다
9788974832285,10,우리말에 예쁜말이 이렇게 많을줄 몰랐네요. 생활속에서도 사용해보려구요
9788974832285,8,내가 이 책도 샀었구나. 우리말 제대로 알자
9788974832285,8,"내가 모르는 우리말, 알아도 통용되지 않으면 쓰지 않는 말, 널리 보급해야할 우리 말"
9788974832285,10,입안에 착 감이기는 우리말을 찾고 있다면 이 책을 권하고 싶다.
9788974832285,10,"책의 내용도 좋고, 배송도 신속하고, 모든 분들이 아주 친절하십니다. 감동입니다."
9788974832285,10,200자 내외의 예문으로 구성되어 있어 읽으면서 익힐 수 있어요.
9788974832285,8,그냥 갖고만 있어도 마음이 든든해지는 종류의 책이 있다.
9788974832285,10,곱고 맑고 능청스럽다. 이 땅에 태어나 가장 좋은 점은 한글을 배운 것이지 싶다.
9788974832285,10,착한가격에 어렵게 여겨지던 옛말에 한걸음 다가섭니다....
9788974832285,10,반값에 샀어요 ㅋ사전은 너무 비싸서 선뜻 사기가 힘들었는데싸게 샀네요 좋아요
9788974832285,10,"예쁘고 푸근한 우리말들, 읽고 있으면 눈과 마음이 정화되는 느낌."
9788974832285,10,말이 범람하는 시대에 필독서가 되어야 하는 책~
9788974832285,10,정말 좋은 책이예요. 요즘같이 국적불명의 말들이 넘치는 시대에는 더욱 보석같은 책
9788974832285,8,이미 산 책이 나중에 이렇게 반값 세일에 올라오면 아랫배가 싸하니 쓰려온다-_-
9788974832285,10,꼭 한번 읽어보세요~^^*
9788974832285,8,구성방식과 내용이 모두 알차다. 그러고 보니 디자인도 멋지다.
9788937422492,10,국문학도에게 논문을 쓸데 가장 중요한 문헌중 하나다. 해당책과 황종연교수가 옮긴 비평사전과 2권으로 나온 같은이름의 책까지 총 세권의 책을 옆에 끼고 있어야 최소한 까이지는 않는? 이론을 정립해 가며 논문을 쓸 수 있다. 다르게 말하면 비평을 공부함에 있어 오류를 잡아주는 정석같은 책이다.
9788937422492,8,두고 보기 좋다.
9788937422492,8,"책상에 놓고, 두고두고 참고할 만한 책. 수많은 참고서 중에서 의지가 된다."
9788937422492,10,"아무 때, 아무 곳이나 들춰봐도 좋을 필수사전. 모호한 개념을 잡아준다."
9791188862498,2,개인적으로 이렇게 효율적이지 않고 가독성 떨어지는 글을 좋아 하지 않는다. 이시대에 태어나신 교수였던 분들은 대부분의 글들이 우리말의 아름다움을 모른다.한자로 범벅된 글. 모호한 지리한 문장이 자신의 지적수준을 표현하는 것이라도 되는 양 판에ㅜ박힌듯 똑같다. 기대했건만 역시 실망이다.
9791188862498,10,노래는 토니 베넷처럼 부르고 싶고글은 황현산처럼 쓰고 싶지만그건 불가능하므로 듣고 읽는 외엔 방법이 없다.당연한 이야기겠지만 이 책은 문학에 대한 이야기이기 때문에 곧 내가 발 디딘 이 곳에 대한 이야기이다.
9791188862498,10,감사하고 고맙습니다
9791188862498,10,˝시인이 시를 쓸 때 그는 자기 언어를 은유나 상징으로 보지 않는다. 그가 보는 것은 현실이며 그는 그 현실을 산다.˝
9791188862498,10,앜 감사합니다
9791188862498,10,우연히 알게되었지만 한순간에 존경과 사랑으로 대면하게 된 이분의 글들! 내 수준으로 완벽히 선생님의 글을 이해하지 못함이 한탄스럽지만 그래도 황현산 선생님을 알게된 것 만으로도 감사하다
9788954613033,8,다른 시론 관련 서적에 비해 편안한 느낌.
9788954613033,10,강의로 따지면 이 책은 기본강의가 절대 아닙니다. 심화강의 정도라 할 만큼 굉장히 어렵지만 상세하게 잘 풀어서 좋습니다. 정말 다양한 시들을 가지고 이론을 적용시키고 있어서 이론을 알았다면 이걸로 끝맺음하는 게 좋습니다. 가히 시론 끝판왕
9788954613033,10,"아름다운 예시작품들이 무수히 등장한다. 운동은 잘 모르고 운동가만 좋아했다던 누군가처럼 나도, 시론은 도통 모르겠고, 건빵 속 별사탕 같은 아름다운 시들만 쏙쏙 빼먹었다."
9788954613033,10,"상세하고 구체적인 설명이 뛰어난 책입니다. 오규원 선생님의 책을 읽고 나서 시에 대해 더 알고 싶어져서 구입했는데, 탁월한 선택이였습니다. 좋은 책 써주셔서 감사함을 느낍니다. 책 읽기와 더불러 아트앤스터디의 강의도 들었는데, 강의 또한 괜찮습니다."
9788954613033,8,어릴 때부터 시는 즐거운 책 읽기가 못 되었다. 의미의 불투명성이 곧 시였기에 세상을 이해하는 데 도움이 되지 않았다. 이 책은 현대시를 이해하기 위한 개념을 보여준다. 그러나 여전히 미진한 이 느낌이란 무엇일까. 객관적 인식으로 시를 주장하는 저자의 분투는 보이지만 글쎄...
9788954613033,10,"이수명의 시론이 시의 본질을 보여준다면, 이분의 시론집은 하나하나 차분히 공부하기 좋은 이론서로써의 시론집"
9788954613033,10,오규원의 현대시작법이 시이론의 처음을 열어준다고한다면 권형웅의시론은 끝맺음이다
9788936410742,10,단문이 거의 없다. 내용과 용어도 친숙하지 않아 읽기 힘들다. 그래도 읽을 가치가 있다.
9791190901017,8,"아, 읽고 싶다. 문학을 빙자해 타인을 표현하는 척하며 실은, 비굴하게 자아를 표출해 온 이들을 만나고 싶고 아울러 참칭자들을 엿보고 싶어서. 시간과 언어란 제약이 없다면 프로이드, 니체, 비흐찬, 김현의 ‘썰전‘을 보고싶다. 산재된 시간에서라도 그들을 만나련다."
9788936478056,10,"엄청스레 욕망을 자극하는 왕 설레이게 하는 오줌지릴 것 같은 목차와 내용 설명에 그만 쿠팡으로 주문했습니다. 공휴일에도 쉬지않는 쿠팡맨은 산업전사요 구국의 영웅, 짱짱~"
9788936478056,10,"단언컨데 지금까지 이 책처럼 문학이론의 골격을 언어학, 철학, 문학 텍스트 등을 넘나들며 섬세하게 조각하듯이 보여준 저역서는 없었다. 역자가 찾아서 덧붙인 예문과 역주의 친절함이 독자를 빨아들이는 강력한 힘이 되고 있다. 역자의 탁월하고 적확하며, 섬세한 언어선택 능력에 박수를 보낸다!!"
9791188554331,8,마치 스토리텔링 강의를 수강하는 것 같은 느낌을 주는 책. 스토리 법칙과 장르에 대해 쉽게 쏙쏙 잘 들어오는 방식으로 소개하고 있다. 또한 템플릿뿐 아니라 그에 연결지어 적용할 수 있는 구체적 예시가 나와있어 유용하다. 다만 한 가지 아쉬웠던 점은 큼직한 전개를 다루었다는 점.
9791188554331,6,제목과 내용이 다소 따로 노는 느낌입니다..
9791188554331,10,누구나 한번쯤은 작가를 꿈꾸지 않았는가?그냥 글자만 죽 나열해놓는다고 작품이 되는 것도 아니고 그것 엮어놓는다고 책이 되는 것도 아니다.워크북 형태로 엮어놓은 예비작가들에게 아주 큰 도움이 될 이 책을 꼭 읽어보자.https://www.instagram.com/p/B_7iZY0F6n3/?igshid=7lasr2xm6ak3
9791188554331,10,"작품을 짤 때 플롯을 어떻게 할까, 항상 머리를 싸매며 고민했는데.. 이 책이라면 그 고민을 빠르게 해결하게 해 줄 수 있을 거라 생각합니다. 특히 책 내용 중 장르별 아이디어 100 부분은 정말 큰 도움이 될 것 같습니다."
9791188554331,10,스토리텔링 감각을 키우고 싶은 분들에게 정말 강추한다!
9791127414504,10,"제가 지금 까지 본 판타지 설명하는 책 중에서 가장 기대되는 책입니다. 무엇보다 판타지는 세계관이라던가, 몹들이라던가, 기술들이 중요한데 그게 모두 들어 있을 것 같아요. 이 책을 만들어 주신 출판사 분들께 감사드리고, 판타지를 쓰는 최초 작가님 들에게도 많은 도움이 될것 같습니다."
9791127414504,10,"헐, 대박! 내용들을 보니까 상세히 기록한 전문 서적인거 같네요. 저도 글쓰는데 필요한 책들을 책장에 고이 모셔두고 있기는 하지만 왠지 다른 책들보다 이해가 훨씬 쉬울 것 같습니다! 솔직히 책만 관심있지 출판사에는 관심이 전혀 없었는데 이제부터라도 관심을 가져야 겠습니다! 왠지 받아버리면 순식간에 읽어버릴 것 같은 이 매력을 어디서 찾아야 할까요! 앞으로 나아갈 판타지와 sf작가님들에게 힘이 될듯 싶네요!"
9791127414504,4,냉정하게 이걸 이 가격에 판다라고 한다면 솔직 단호하게 구매를 안하고 싶었다. 예전 비슷한 내용으로 두껍게 출간된 들녘출판사의 판타지사전이 훨씬 유익할 것으로 생각된다. 내용적으로 이게 왜 판타지에 도움이 되지 싶은 일본신화나 기타 내용 등은 이 책을 괜히 구매했다는 후회가 들게 만든다.
9791127414504,10,"오호, 구매합니다!"
9791195739516,6,에반게리온에 대한 오독에서 오는 지극히 주관적 오타쿠폄하론
9791195739516,8,밑에 맞춤법 띄어쓰기 지적이 있어 글 남김. 이 책 읽어봤으나 딱히 오류 못 느낌. 리뷰어의 다른 리뷰도 보니 대부분이 편집 오류가 있네 편집 실수가 보이네 하고 있음. 그런데 근거 제시는 없음. 뭐가 맞기에 출판된 책이 틀리다고 생각하는지 명확하게 제시 바람. 그 책들도 읽어본 책이였음.
9791195739516,6,워크라이프의 다음 책이 기대된다. 일본어투는 그자체로 스타일이라 쳐도 맞춤법 띄어쓰기는 신경써주시길 바랍니다...
9791195739516,8,"˝(세카이계라는)잔치는 끝났소, 모두 집으로 돌아가시오.˝"
9791195739516,8,"가볍게 읽기 좋은 책입니다. 오타쿠와 세카이, 그리고 그런 문화의 흐름에 대해 나오는데. 흥미롭습니다 ㅎ"
9791195739516,10,"남들보다 애니,만화,소설을 조금이라도 더 읽은 분들께 강추하는 책.설마 한국에서 이런 책이 정발될줄 몰랐습니다."
9791195739516,8,너의 이름은 개봉 전 예습. 동아시아 중이병의 양상이 조금 다르니 흥미롭다.
9791195739516,10,세카이계란 키워드로 00년대 일본 서브컬쳐사를 총괄하는 기획. 제목의 인상과 달리 규범적인 정의를 내리기보다 용어를 둘러싼 담론의 변천사를 추적하였다. 한 사람의 참여자였던 마에지마의 주관 시점에서 일본 서브컬쳐 논단의 지형도를 엿볼 수 있다.
9788997023448,8,"몇 번을 반복해서 이야기하는데, 책 자체는 좋지만 번역에 심각한 문제가 있다. 일본의 원고용지는 2백자가 아니고 4백자고, 띄어쓰기도 없어 우리나라에서는 1.4-1.5배 정도 더 원고용지 분량이 나온다. 따라서 2천자가 아니고 4천자이고, 우리 원고지면 28-30장 정도 되는 분량이다."
9788997023448,10,글쓰기 바이블입니다.정말 뺄 게 없을 정도로 작은 양 안에 좋은 내용이 가득하네요.
9788997023448,10,올해 들어 특히 글쓰기에 관심이 많이 생겼다. 잘 쓰고 싶었고 글이 좀 길어 진다 싶으면 더 별로인 글이 되었다.그러다 만나게 된 이 책...^^
9788997023448,10,"(구판으로 갖고 있지만 아직 못 읽음) 기본적인 의문이 하나 있음. 원제도 <원고지 10장을 쓰는 힘>인데, 일본 원고용지는 1매 400자가 기본으로 알고 있다. 그럼 2000자가 아니라 4000자라고 해야 하지 않나;;"
9788994142623,8,지식 국가의 서구 지식을 탐구한 최정운은 무식 국가의 한국적 구체로 옮겨온다. 이제 그가 한국의 역사적 연원을 문학 속에서 탐구한다. 프레임이 약하지만 성실한 연구자다. 학자로서 귀 기울이며 읽을 수 있는 몇 안 되는 저자다.
9788994142623,10,"현대 한국인이 여기에 있기까지 미국과도, 영국과도, 프랑스와도, 독일과도, 중국과도, 일본과도, 이 세상 어느 나라와도 다른 길을 통해, 사상을 만들어온 이야기. 해방 당시의 한국인들은 상상할 수 없었을, 우리의 다른 반쪽인 북한 사람들의 현재를 통해 확인되는, 우리가 실현해온 가능태들."
9788994142623,10,문학으로 보는 역사
9788932917528,10,돈키호테를 사서 읽고있는데 해설서같은 책이 있다고해서 한번 구입해 봅니다! 꽤나 재밌게 읽고 있는 소설이라 해설서도 상당히 기대가 됩니다
9788984318748,10,일반인이 흥미롭게 읽을 수 있는 한국근대문학사 교양서가 이 책 이전에 거의 없었다는 데 새삼 놀랐다. 한국근대문학관의 도록으로 생각지 않고 읽어도 교양서로서 충실한 책이다. 부록으로 실린 작가 소개와 작품 해제가 의외로 꼼꼼해 국문학 전공자들도 일별해 볼 만하다.
9788984318748,10,"정말 좋은 책이 출간된 것 같습니다. 중,고등학생이나 대학생에게 꼭 추천하고 싶은 교양서입니다. 책 디자인부터 내용까지 매우 훌륭하게 구성되어 있는데다 가격까지 만족스럽습니다. 이 책의 토대가 된 인천의 한국근대문학관에도 들러보고 싶어요."
9788954670913,4,저자를 지우고 봐도 여러모로 아쉬운 책.
9788954670913,8,"문학 연구의 새로운 접근방식을 제안했다는 의미는 좋지만, 아직 개략적인 시도라서 아쉽다. (저자의 성범죄 이슈가 터지기 전에 번역을 시작했고, 고민 끝이 출간을 결정했다는 설명이 담겨있으므로, 그 부분을 감안하고 보면 될 듯.)"
9788954670913,2,성폭행범인 프랑코 모레티.
9788936472276,10,논리야 놀자 시리즈가 학생 때 유행했었는데 난 아홉살 인생으로 더 좋았던 작가이다. 그런데 동화 작법을 알려주는 글은 더욱 신이 난다. 이야기는 공기보다 가벼워야 훨훨 날아간다는 말이 와닿는 글이다.
9788936472276,10,작가의 눈으로 읽고 독자의 눈으로 써라! 소통하는 작가가 되라는 위기철님의 말입니다. 현실적인 조언들이 작가의 입담과 함께 녹아있습니다. 수정해야 할 글의 기한이 일주일도 안남은 이 시기에 집어든 이 책으로 다시 한번 용기를 내봅니다.
9788937484117,10,플로베르적 전망으로 볼 때 현대적인 의미에서 멍청함이란 무지를 뜻하는 것이 아니라 통상적인 생각의 공허함을 의미하는 것이다.
9788937484117,10,그의 모든 소설들보다 더 뛰어난 한권!
9788937484117,10,그동안 가져온 소설에 대한 의문을 풀어준 책
9788937484117,10,소설의 기술 정말 좋은책이다
9788937484117,10,"소설에 관한 흥미진진한 에세이. 쿤데라 작품을 이해하는데 꽤 도움이 된다. 게다가 체코어가 아닌 불어판 중역, 혹은 다른 언어로 번역될 때의 문제점에 대한 그의 지적도 인상 깊었다."
9788937484117,10,"이 책은 작법(플룻 짜는 법, 문장 쓰는 법)에 대한 책이 아니다. 그러나 소설을 쓰는 데 있어 강력하고도 소중만 문제의식을 제공해 준다. 그는 한결같이 세르반테스의 절하된 유산이 온존하는 작품이야말로 진정한 현대 소설이라는 점을 강조한다. 참으로 숨막힐 정도로 냉정하고 지적인 작가이다."
9788937484117,8,1990년에 동일한 역자에 의해 책세상에서 출간되었던 책입니다.
9788993908329,8,저희 수업이랑 맞았음 좋겠네요
9788932020372,10,소설읽기에 도움이 되고 있습니다.
9788932020372,6,구체적인 작품을 보여줘서 좋았다. 그럼에도 하나의 작품에 깊이 다가가는 것은 어떨지 궁금증을 남겨 아쉽다.
9788932020372,8,현 국내 소설교육의 문제점을 지적하는 부분이 흥미롭다
9788932020372,4,사지마셈
9788932020372,4,음..
9788952212221,10,한국어 공부하는 느낌의 책은 아니고 산문형식으로 이러저러한 문장은 이렇게 표현하는 것이 좋다 라고 말해주는 책이다. 때문에 포인트만 요약하고 나면 대략 1~2장으로 끝낼 수 있는 책이다.
9788952212221,6,좋은 문장 쓰는법보다 문법 옳게 쓰기 같다. 사긴 아깝고 네이버 지식백과에서 나온걸 보는게 낫겠다.
9788952212221,8,가방에 넣고 다니며 버스나 지하철 안에서 틈틈히 읽으면 괜찮은 책이라고 생각한다. 책이 얇은 관계로 들어있는 내용도 다소 적은 편이라는 것이 흠이다. 다른 책이랑 같이 읽는 것을 추천한다.
9788952212221,2,"아직 읽는 중이라 단언하기 어렵지만, 내게는 별로였다. 이건 아주 기초만 정리한 책 아닌가. 게다가 글이 꼭 짧아야만 제맛인가. 저자의 논지에 동의 못하겠다."
9788952212221,10,간결하면서도 핵심적인 부분들만 콕 집어서 정리해 놓은 것이 아주 도움이 됩니다.
9788952212221,10,글의 기본을 알게하는 책. 블로거들의 필독서.
9788952212221,10,"논문쓰는데 도움을 얻을까 해서 산 책입니다. 깔끔한 상태며, 빨리 잘 받았습니다."
9788974908041,4,별로 추천이 되지 않는 책. 개인적으로는 테리 이글턴 책이나 타이슨이 쓴 ｀비평이론의 모든 것｀이 훨씬 낫다.
9788974908041,10,문학비평의 폭넓은 스펙트럼을 아울러 소개하고 있습니다
9791189683726,10,"기존에 알던 번역관하고 다른 것도 있고 새로운 관점이나 우리와 비슷한 것도 있다. 번역에서 중요한 것은 외국어 실력이고 모국어는 10할중 1할이라고, 번역을 잘하려면 문화에 대한 이해가 필요하고,"
9791189683726,10,고전을 사랑하는 나에게 이 책은 고전 읽기의 즐거움이 확장되는 계기가 되기도 했다. 동시에 번역 과정을 보며 고정관념을 버리게됐다!
9791190893268,10,"공고하게 내면화된 체제의 시선이 아니라, ‘비체제‘의 마음으로 북한 문학을 읽어내려는 시도. ‘친애‘를 지도자가 아니라 인민에게 돌려주려는 야심차고 따뜻한 기획. ‘10위 안에 드는 전문가‘인 그의 해설을 따라갈 수밖에 없는 현실이 하루 빨리 해소되길!"
9791190893268,10,"그 많던 평론가들은 지금 어디에 있는 걸까. 여전히 금기에의 도전과 저항을 실천하면서, 우리에게 손 내미는 평론가를 발견했다. 이 책은 동시대 북한 문학을 소개하는 보석같은 자료이자,  불꺼진 서고에서 외롭게 고군분투해온 저자의 피땀이 고스란히 전해지는, 숙연한 결과물이다."
9791187886501,10,"장르를 읽고 쓴다는 건 결국 얼마나 독창적인지도 중요하지만, 관점을 공유하고 생각을 어떤 방향으로 발전시킬지에 대한 고민을 더해 공감대를 형성해나가는 작업인 것 같다. 좋은 가이드이자 작가로서의 시작을 재촉하는 살가운 친구 같은 책."
9791187886501,10,실제 작법과 연결한 내용 덕에 더욱 작가들이 참고용으로 쓰기 좋네요. 좀더 심화된 내용을 찾아볼 수 있도록 키워드나 참조할만한 논문 등을 제시했으면 완벽했을 것 같다는 생각도 드네요.
9791187886501,10,"개요정리가 잘 되어 있다. 디테일은 더 보강해야. 이런 책은 시리즈로 해서 분야 별로 나오면 좋겠다. 가령 우주물리학, 의학, 생명공학, 유전공학,등..한국에도 이런 걸 쓸 수 있는 전문가들이 있으리라 본다. 값은 하고도 남는 책."
9788950982546,8,문장이 깔끔하지 않고 책 펼침도 힘들어 읽기가 수고스러웠지만 피와 살이 되는 도움말 들이다. 현실사회 비판에 사고실험까지 행한다는 점에서 SF의 순기능을 본다. 내가 왜 SF를 좋아하는지도 더 잘 알겠고.
9788950982546,6,"실천 공동체와 노붐에 대해. SF에 대한 적절한 입문서. 분석 텍스트에 대한 사전 이해가 없다면, 흥미가 덜 간다는 게 아쉬운 점."
9788960399006,10,하린 시인은 ‘시는 소설과 다르게 주관성이 강한 장르이다. 시 창작은 마약 같은 중독성이 있어서 절대 그만 둘 수 없다.‘라고 했다. 그러므로 나도 현재 시를 쓴다. 시를 쓸 때마다 꽉 막히는 순간이 올 땐 시클을 본다. 쳇기를 해결해주듯 소화제 역할을 해주는 효자 책임엔 틀림 없다.
9788960399006,2,좋네요 ^^
9788960399006,4,이 책은 제법 잘 나온 내용이다 학생들에게 도움이 되었으면 좋겠다 내용도 쉽고 이해하기 편하게 쓰여졌다
9788960399006,10,시를 쓰시고 싶은 분들은 꼭 읽어본다면 많은 도움이 될 것 같아요...시를 쓰다가 길을 잃었을 때 읽어본다면 헤매지 않고 금방 출구를 찾을 수 있도록 비상구표시와 같은 책이네요!
9788936483463,10,역시 4권이 제일 재미있고...꾸역꾸역 읽어서 반드시 여기로 와야 된다
9788936483463,10,전공책이어서 샀는데 문학과 예술의 전반적인 역사를 알 수 있어서 좋았습니다
9788998845490,10,한국 평전문학 중에서는 최고가 아닐까 싶다. 책을 펼칠 때마다 가슴이 두근거린다. 윤동주 평전을 이만큼 높은 퀄리티로 남겨 주셨다는 사실에 늘 감사하다. 한편으로 500쪽이 넘는 두껍고 훌륭한 양서임에도 저렴한 가격에 출판해준 출판사에도 감사함을 느낀다.
9788998845490,10,윤동주를 위한 진심 어린 진혼곡.
9788998845490,10,가볍지않은 진짜 평전.
9788998845490,10,"평전은 가끔 너무 소설적이거나 유행에 편승하는 가벼움이 있는데 이 책은 증거, 증언에 신뢰가 가는, 윤동주의 가장 많은 것을 논리적이고 객관적으로 파헤친 느낌입니다. 동주의 시를 사랑한다면 꼭 읽으시기를."
9788998845490,10,"리뷰가너무적게 올라와있어서 저라도 몇자 적자 싶어 글을 남깁니다. 더이상 시를읽지 않는 시대에, 민족시인 윤동주에 대해서 우리들이 더 많이 알았으면 좋겠고,  처참했던 일제시대를 살다간 우리의 선조를 기억했으면 좋겠고,  그  서러운 시대를 이겨낸 우리나라를 더 아끼면 좋겠습니다."
9788998845490,10,"윤동주에게 더 가까이 다가가는데 이 보다 더 한 자료는 없을 것이다. 송몽규, 강처중을 늘 함께 기억할 것이며 그들의 이야기를 엮어주신 송우혜선생님께 마음을 다해 감사드린다."
9788937416293,8,다 읽지 않아돼. 한 챕터만 읽어도 알게 돼. 이 책이 얼마나 훌륭한지.
9788937416293,10,"저도 제임스 미치너의 <소설>을 읽다가 들어왔습니다,  책을 통해 또 하나의 책과 작가를 알아가는 과정이야말로 단연 최고의 즐거움입니다."
9788937416293,10,제임스 미치너의 <소설>을 읽다가 들어왔다
9788937416293,8,문학적 사실주의로 되어감에 대한 에세이로 읽음.
9788937416293,10,제임스 미치너가 소설작법의 비밀이 숨어 있는 책이라고 말했다. 정말일까. 의심이 든다면 이 책을 읽으며 그 비밀을 찾아 보자.
9788956266107,10,필독서!
9788937461767,10,정신을 고양시키는 책은 드물다. 이 책이 그런 드문 책 중에 하나다.
9788937461767,8,"괴테 만년의 10년간의 삶과 문학, 세계를 보려면 이 책이 가장 좋다. 니체가 가장 좋아했던 책이다"
9788937461767,8,"경구로 가득찬 책. 근데, 괴테가 과연 ˝그 나물에 그 밥˝이란 표현을 썼을까... 음 고민되네..."
9788989316718,10,내가 그동안 회사에서 결과 보고를 얼마나 엉망으로 했는지 깨닫게 되었다. 문학글쓰기는 타고나는 것이지만 기술글쓰기는 노력으로 향상시킬 수 있다는 말에 위로받고 자신감도 생겼다. 이 책을 자주 보며 나의 글을 계속 고쳐 나가야겠다.
9788989316718,10,간단 명료한 설명이 좋은것 같네요
9788989316718,10,내용 좋아요 수업교재라 샀지만 돈 아깝지는 않음.
9788989316718,10,이공계 학생들의 필독서!! 더 긴말이 필요없다.!!
9788974110673,10,전공서적으로 시가에 대한 최신의 논문들을 모아놓은 책입니다.고리타분하게 느껴질 수도 있는 시에대한 주해서에서 탈피해 다양한 관점에서 이루어진 훌륭한 논문들의 향연
9788974110673,10,고전시가의 이해를 도와준다 깔끔하여 보기가 편하다
9788932011172,10,"과오는, 적어도 그것이 무지와 실수를 포함한다는 점에서 사실상 인지의 이면이다."
9788937410857,10,유종호 선생님의 문체를 느낄 수 있어서 좋았습니다. 공부도 되면서 재미도 있었어요. 좋은 책 감사합니다.
9788937410857,8,재밌는 책
9788931000405,10,"제가 찾던 책이에요. 이 책은 몰랐지만 찾던 것들이 이 안에 있었어요. 그의 생각이 확고히 표현되기도 하는데, 폄하나 과장이 아니라 솔직하되 읽는 이와 작가에 대한 사려깊은 이해에서 출발했다는 인상을 받아서 다소 관념적인 부분들에도 쉽게 동화될 수 있었어요. 읽는 내내 정말 행복했어요."
9788931000405,10,105쪽 밑에서 세 번째 줄 ˝다루기 힘들여˝는 ‘다루기 힘들며‘를 잘못 쓴 것이다. 112쪽 일곱째 줄에서 ˝한다미로˝를 ‘한마디로‘로 고쳐야 한다. 115쪽 셋째 줄은 ‘그녀는‘을 ˝그려는˝으로 그르게 썼다. 116쪽 ˝소설에서는 비롯˝은 ‘소설에서는 비록‘으로 고쳐야 한다.
9788993241723,10,"위안부가 매춘부라는 왜곡된 논문의 램지어 교수에 북한 매체도 ˝사이비 학자˝라고 비난하고 있다. 본인 또한, 역사를 왜곡한 램지어 교수의 논문이 폐기돼야 한다는 주장 아래, 이 평론집을 읽고 깊이 있는 공감을 했다. 많은 사람이 읽어야 하는 이 시대의 필독 도서이다."
9788993241723,10,2000년대 이후 한국에서 맹위를 떨친 구성주의적 역사주의에 대한 비판서로 상당히 논쟁적인 책이다최근 주류 국문학 경향을 김윤식 에피고넨으로 호명하는 것과도 연속적이다민족 형성을 상상된 공동체로 보는 베네딕트 앤더슨을 앤서니 스미스의 족류공동체 개념으로 대체보충하는 독서경험을 준다
9788993241723,10,"문학을 중심으로 사회와 정치사상, 영화까지 다룬 비평문인데 수필처럼 술술 읽힌다. “재미있으셨다면 좋아요 구독 그리고 알림 설정까지 부탁드립니다”라는 당부의 말이 없어도 이런 칭찬의 글을 쓰게 된다."
9788993241723,10,"경원선과 서울기행 등, 한국문학의 토대가 되는 이 땅과 이 시대 대중들과 꾸준히 교감해 온 저자의 비평집을 새로운 시각과 애정을 기대하며 읽게 되었다 문학속의 의미작용을 생생하게 체감할 수 있는 하나의 새로운 제안을 기대하며"
9788993241723,10,"하버드 교수가 위안부를 매춘부라고 엉터리 논문을 발표하는 이때, 식민지 근대화론, 앙드레 슈미드의 근대주의 민족론, 박유하의 <제국의 위안부>까지 날카로운 비판을 가하며 한국사회의 현재와 미래를 폭넓게 조망하는 책이다. 진작에 이런 책이 나왔어야 한다."
9791185025490,10,"요리사가 칼질을 익히듯, 용접공이 용접을 배워야 하듯, 시 쓰기도 철저히 배워야 하고, 연습을 해야 한다는 것을 알게 해준 책. 시 쓰기 실전 교과서로써는 최고입니다."
9791185025490,10,시인은 타고난 감수성으로 그냥 되는 줄 알았다. 천 번 쪼고 만 번 갈고 닦아야 시인이라는 석불이 만들어 진다는 것을 이 책을 보며 처음 알았다.
9791189932831,8,오스카 와일드가 비평을? 표지 예쁘니까 일단 장바구니에 넣습니다.
9791189932831,4,"쩝, 분량에 비해 비싸네. 요즘 책값 많이도 올랐다."
9791188862801,10,책 자체에서 얻는 가르침이 많고 배움의 즐거움이 있어 고이고이 아껴읽게 된 책.
9791188862801,10,한 비평가가 여기에 뿌려놓고 간 노래의 씨앗은 얼마나 반짝이는가. 마지막 순서로 실린 <젊은 비평가를 위한 잡다한 조언>은 특히 큰 울림을 준다.
9791188501113,8,"빤딱빤딱한 새 표지를 입었으나 내용은 7,80년대 글. 너무 늦게 나온 듯싶은 문학 비평서다. 이제 조애나 러스의 소설작품도 모아 내 주시길. 더더더."
9788971999905,8,SF 입문자에게 적절한 깔끔한 안내서입니다.
9788971999905,10,"이제까지 SF라고 하면 난해하고 비현실적이라고만 느꼈는데, 이 책을 통해 SF 안에도 다양한 갈래가 있다는 걸 알게 되었고, 앞으로 어떤 결 또는 어떤 흐름을 따라 읽으면 좋을지 감을 잡을 수 있게 되었습니다. 정말 좋은 책입니다."
9788971999905,10,사진 설명이 세로로 쓰인 점은 불편하지만 입문용으로 훌륭한 책. 제임스 팁트리 주니어에 대한 설명이 인상깊었습니다.
9788971999905,2,"SF 입문자들이 전체적인 윤곽을 잡게하는 데는 도움이 될만한 목록을 제공하는 책이지만, 저자의 노골적인 사상 전파가 배어있어 썩 기분좋게 읽기는 힘든 책. 반인륜적, 반사회적 주장을 일삼는 패거리들을 대놓고 옹호하는 내용을 보고 구매를 후회했다. 그냥 빌려볼 걸..."
9788971999905,8,장바구니가 빵빵!!이 책 읽고 든 생각.. 나 sf 꽤 읽었네.?(흐뭇)
9788971999905,10,와~ 너무 좋네요.^^ 이렇게 균형잡히고 유려한 서술이 가능하게 되었군요!
9788971999905,8,SF의 역사 속성으로 익히기. 대표작부터 추천작까지 알차다. 박상준이 쓴 부분이 가장 부실하고 재미없을 때가 많았다. 때때로 “라떼는 말이야~” 작열.
9788971999905,10,너무 재밌게 읽었어요! 내용도 읽기편했고 시대흐름대로 정리되어서 흐름따라서 책을 읽고나니 SF에 대해서 너무 좁게 한정지어서 생각하고 있었다는걸 알게 되었네요~
9788971999905,10,SF 세계로 이어주는 훌륭한 길잡이. 한국 SF 작가 연대기가 이어지길
9788971999905,10,형광연두색의 의미가 궁금하다
9788971999905,6,다 좋은데 재밋고 좋은데..사진 설명 볼때마다 설명이 세로라서요.... 아마도 여기에는 제가 모르는 깊은 이유가 잇을듯요 설마 목운동? 내용은 재밋읍니다 ㅎ  더 많은 작가를 소개 하는 2권도 나왓으면 좋겟어요~
9788971999905,2,박상준 기대돼서 펼쳐봤다가 사진 설명이 계속 세로로 써 있는거보고 조용히 내려놓음. 내가 책 읽다가 고개를 꺾어야만 하는 건가 책을 빙빙 돌려가며 읽으라는 건가. sf적 디자인은 읽는 이를 불편하게 하라는 뜻인가??
9788971999905,10,"SF가 무엇인지, 누구의 어떤 작품을 읽어야 할지 알고 싶은, ˝은하계를 여행하는 힙스터를 위한 안내서˝. 과감하면서도 세심한 본문 레이아웃이 인상적인 책이기도 하다."
9788971999905,10,2020년 시작하면서 딱 이런 게 필요했어요.
9788971999905,10,"읽고 나면, 이제는 구할  수  없는  것들믈  찾아  헤매게 될 것  같군요."
9791190156097,6,이런 책도 있었나 싶을 정도로 깊이 추리소설을 연구한 흔적. 에도가와 란포가 읽은 800+ 권 이상의 추리소설을 분석하여 통계화(?)한 트릭의 연구.  일종의 소품집.
9791190156097,10,"일본 추리소설의 아버지 에도가와 란포가 쓴 추리소설 트릭 모음집입니다. 추리소설이 등장한지 200여년이 다 되어가 이미 나올만한 트릭들은 다 나왔고, 이 책 자체도 1950년대에 쓰여졌기 때문에 꽤 예스런 분위기가 나지만 오히려 그게 매력으로 다가옵니다. 고전 미스터리의 향취에 젖어보시길!"
9791196517113,10,이렇게 또 이장욱을 만났다.
9791196517113,10,저도 또한 감사합니다.
9791196517113,10,"그 옛날의 초판본이 있음에도 불구하고 또 한번 더 샀다. 책 앞뒤 표지가 얇아 한 손으로 말아 쥐고 읽기에 의외로 아주 편하고, 또 그럼에도 막상 책 내지 종이는 은근히 좋아 연필 등으로 메모하거나 줄 그으며 읽기에도 더 좋다. 내용에 ‘형식‘마저 이렇게 도와주니, 진정 양서이다."
9791196517113,10,그의 설명은 아무리 보이지 않는 것이라도 당장 그릴 수 있게 만드는 힘이 있다. 독자로 하여금 책의 여백에 설명의 대상을 그려놓고 아름답다며 감탄할 수 있게 만드는 힘이 있다. 나아가 독자 자신의 삶에서 그 아름다움을 발견하게 하고 과거와는 다른 언어의 사용자로 변신하게 하는 힘이 있다. 삶과 언어를 사랑하게 하는 힘이 있다.
9791196517113,10,"그의 소설도, 시도 다 좋아한다. 그런 그가 차분히 20세기 혁명의 시기 전후 시인 6명을 중심으로 그 흐름을 이야기한다. 어려운 문학사조의 흐름도 미학의 관점에서 너무도 친절히 잘 풀어낸 소설. 비전공자임에도 문학을 사랑하는 한 사람으로서 이 책을 보는 즐거움을 맘껏 누리고 있다."
9791196517113,10,곁에 있는 것만으로도 고마운 존재들이 있다. 작가로는 이장욱이 그렇고 책으로는 이 책이 그렇다. 책에서 느끼는 이런 정성됨은 정말 오랜만이다.
9791196517113,10,믿고 읽는 이장욱. 오래전 책이 다시 개정판으로 나온 이유가 무엇인지 찾아보겠다.
9791196517113,8,"내가 아는 책이 맞다면, 내가 아는 조선대학교에 계시던 교수님의 책이 맞다면, 이 책은 재판을 찍을만한 책이다. 진작. 저자의 글을 읽은 지 너무 오래 돼 기억이 가물가물하지만 아마 저자의 글을 통해 난 바흐친에 더 다가간 것으로 기억한다. 그 당시나 지금이나 바흐친 관련 저작은 너무나 적지만"
9791196517113,10,감사합니다 정말..
9791188862399,10,좋은 시인은 좋은 산문가이기도 하다는 점을 증명하는 몇 안 되는 시인 중의 한 명.
9791188862399,10,편편이 미덥다. 시에 대해 궁금해서 읽기 시작했다가 읽을수록 시가 더 궁금해지는 놀라운 책. 김언의 문장은 날렵하고 단아하며 유머러스하다. 들여다보는 일과 곱씹는 일을 소홀히 여기지 않은 이만이 쓸 수 있는 책. 곁에 두고 매일 밤 읽고 싶다.
9788952794901,10,에드거 앨런 포의 글쓰기 철학을 알 수 있어서 좋았습니다특히 까마귀에 대한 설명이 자세하게 나와있어 인상깊었어요
9788984117402,10,석영중교수 책은 믿고 구입함.
9788984117402,10,<카라마조프가의  형제들>을 읽는 사람이라면 반드시 옆에 두고 읽어야 할 자습서. 장대하다못해 장황하기까지 한 소설을 포기하지 않고 읽도록 돕는다. 소설의 해설서라고 하지만 도스토예프스키의 총체적 작품론에 가깝다. 또 단지 해설서로 보기보다는 독립적인 신학서적 같기도 하다. 강추한다.
9788984117402,10,석영중 교수의 책은 그냥 사서 읽으면 된다. 창조적인 지식인은 이렇게 글을 쓰는구나 싶다
9791195526581,10,"이 책은 글 잘 쓰는 법을 알려주는 류의 책은 아니다. 작가가 되는 법을 알려준다. 글을 잘 쓰는 것과 작가가 되는 것, 이 둘은 의외로 전혀 별개의 문제다. 작가가 되려면 보고 듣고 느끼는 모든 것이 달라져야 한다! 이렇게 될 수 있는 방법이 들어 있는 책. 내가 아는 최고의 작가 되기 책이다!"
9791195526581,10,작가가 된다는 건 무의식과 의식이 친구하는 일.
9791195526581,10,많이써진다. ‘글‘쓰는 방법이 아니라 글‘쓰는‘방법에 관한 책
9791195526581,10,내 인생에 책 한권쯤 쓰고 싶은 사람에게 용기와 길을 보여주는 책입니다.
9791195526581,2,번역에 문제가 많네요
9791195526581,10,"2016년 가장 잘한 일이다, 이 책을 읽은 건!"
9791195526581,10,좋습니다.
9791195526581,10,글을 잘 쓰고 싶어서 작법서를 잔뜩 샀다. 그 중에는 버려진 책들도 있고 버려진 것과 다름 없는 책들도 있다. 작가 수업은 가장 많이 들여다보는 책이다. 책장에 꽂지도 않고 어딜 가든 가지도 다니면서 읽는다.
9791195526581,8,그들의 생각에 공감하고 싶었습니다.
9791195526581,8,글쓰는 사람에게 격려와 효과적인 지침을 준다.
9791195526581,6,굳이 작가지망생이 아니더라도 자신의 생각을 정리할 수 있게끔 도와주는 그런 책
9791195526581,8,글쓰기 뿐 아니라 답이없는 모호한 생각과 추상의 것들을 하나의 이야기와 흐름으로 만들어내느 다른 분야에도 연관되는 것 같습니다. 구체적인 명확한 답을 줄 수는 없지만 어느순간 아! 하는 순간들이 종종 생깁니다.
9791195526581,10,여러 작가들의 글쓰기 경험을 알수 있다
9791195526581,10,작가뿐만 아니라 일반인들에게도 좋은 마음가짐을 가질수 있게 도와주는 책 같다.
9791195526581,6,"선택한이유가 딱히 있나?
나머지보다 재미있으니깐 선택한거지"
9791195526581,10,두 번 세 번 읽게 되는 책. 좋습니다.
9791195526581,10,작가의 마음자세를 가르쳐주는 책. 작법서나 참고서를 원하는 분들은 다른 책을 구매하시길
9791195526581,10,글쓰기 방법이라기보다 제대로 된 글을 쓰기 위한 자세를 공부하는 책이에요. 평소 고민하던 내용이 적혀 있어 좋네요. 양장도 좋아요 :)
9791195526581,10,"무슨 글이든 자기 글을 의욕적으로 써보고 싶은 사람에게, 글이 아니라 무슨 일이든 진정성 있게 해보려는 사람에게 나침반 같은 책이다."
9791195526581,4,원서의 훌륭함은 익히 들어서 아는데 우리말 번역이 내용을 충분히 전달하지 못하는 아쉬움이 있다.
9791195526581,8,"글을 쓰는 기술이 아닌, 작가가 되기 위한 실천과 행동 사항과 마음가짐에 관해서 기술하고 있다. 익히 알 것 같지만 놓치기 쉬운 부분을 잘 짚어주고 있는 것 같다."
9791195526581,10,세번 읽었는데도 느끼는 것이 많은 책이다
9791195526581,8,시대가 안맞는 감이 없진않지만 그래도 게으름으로 망설이고 있는 내게 채찍이 되어 준 책.
9791195526581,10,이건 글을 본격적으로 쓰기로 결심을 하고 시간을 만들고 난 후 읽어야 되는 책
9791195526581,10,읽어보면 도움이 된다
9791195526581,10,공부에 왕도가 없듯 글쓰기에도 왕도가 없다. 그러나 왕도를 찾아가는 지도는 있을 수 있다.
9791195526581,6,글쓰기에 대한 두려움이 있었는데 나의 생각을 정리하는 방법과 글을 쓰는 방법에 대해 이해 할 수 있어서 좋았어요. 많은 습작을 해보려고 ㅎㅎ
9791195526581,10,좋은 책-가장 도움이 되는 글쓰기 책인 것 같음.
9791195526581,6,글쓰는 기술이나 기교를 설명하는 책일 줄 알았는데 예상과 달리 글쓰는 습관이나 태도에 대한 내용이 대부분이었다. 필요한 대목만 발췌해서 읽어볼 만하다.
9791195526581,10,"세계적인 작가와 비평가들이 극찬한 글쓰기의 고전. 명불허전이네요. 단언컨데, 최고의 글쓰기 책!"
9791195526581,2,이런 류의 책을 많이 사읽었는데... 제일 별로다. 번역 문장이 매끄럽지 않아서 너무 지루하고 진도가 정말 안 나간다.
9791195526581,4,"좋은 책이지만 글쎄... 기본이라고 보기에는 너무 기본이다. 자신을 글 쓰는 사람으로 정의한 이들이라면 이미 터득하고 있을 진실,의 일부만 랜덤하게 다루어지고 있다는 느낌. 작가지망생보다는 그들을 가르치는 교사들이 가끔 돌아와 재확인하는 표석으로 활용할만 하다."
9791195526581,8,글을 쓰길 원하는 사람의 걸음마와 같은 책.
9791195526581,10,"시중의 작법서중에는 가장 잘 쓰여진 책인듯, 무의식과 의식 그들을 잘 통제하라"
9791195526581,8,"재능은 없는 것이 아니라 발견되지 않은 것 뿐이라는 말은 재능때문에 좌절하는 사람들에게 위로가 될 듯. 의식과 무의식의 결합, 무의식을 어떻게 의식으로 불러낼 것인가, 결코 쉽지 않은 일.아주 작은 불만은 번역. 고전이고 널리 읽혀 유용한 책이어서 더욱 우리 말법에 맞는 번역이었더라면."
9791195526581,10,소설 창작을 꿈꾸는 사람에게 실질적인 도움은 못되더라도 강한 동기부여를 제공하는 책.
9791195526581,8,"80년 동안 읽힌 책, 이유가 있다. 비록 80년 전 그들과 지금의 내가 받아들이는 것은 다를지라도."
9791195526581,10,"처음 접하는 책 내용입니다. ^^
술술술 좋아요"
9791195526581,10,"진즉에 읽어야 했을 책이다. 이 책이 알려주는 대로만 훈련한다면 글쓰기의 장인이 되리라. 무엇보다 무의식의 나와 만나는 글쓰기 훈련은 압권이다. 멘토를 만난 기분이랄까. 작가를 꿈꾸는 사람들, 꾸준히 글을 쓰지 못하는 작가들, 기복이 심한 작가들에게 권하고 싶은 책"
9791195526581,10,"1934년에 쓰인 이 책. 그 후에 수많은 작가들의 생활과 사고하는 법, 글쓰는 습관의 원천이 된 책. 이만하면, ｀원조｀가 아닌가."
9791195526581,10,50000원 이상 구매할 경우 아주 저렴하게 구입할 기회를 준다하여 덥석 선택했다. 책에 대해 안다는 분들이 이 책을 선택하신 듯하여 나도 한 번 읽어보고 싶어졌다. 언제 나와의 인연을 맺게 될지는 모르겠지만...
9791195526581,10,작가로서의 마음가짐.
9791195526581,8,작가가 되는 게 꿈인데 작가 수업이라는 책은 나에게 희망으로 다가왔다. 무엇보다 독창적은 글을 쓰기위해 바라고 또 바랬기 때문에 이 책은 사막의 오아시스처럼 다가온다.
9791195526581,8,"군더더기 없고, 글 쓰기 위한 마음가짐을 이끌어준다."
9791195526581,10,"작가의 의식에 대한 기본적인 지침서다.
역시나 동양과 서양의 미묘한 온도차이는 이 서적에서도 느껴진다."
9791195526581,10,완전 좋아요b 요즘 다시 글을 쓰고싶어서 이런 종류의 책 찾아보고있었는데 이렇게 좋은 책은 처음봤네요. 아침마다 글쓰는데 머리도 잘돌아가고 진짜 강추합니다. 반값이라 더좋네요 ㅎ헿
9791195526581,10,"글쓰기 좋아하는 동생에게 추천한다. 단순한 문장의 나열이 아니라 감동적인 글이 될려면 어떻게 해야하나. 매일 고민하며 글을 쓰는 나에게도, 동생에게도 좋은 스승이 될 듯하다.매력적인 반값은 덤이다.ㅎㅎ"
9791195526581,10,글쓰기 분야의 고전... 명불허전...
9791195526581,10,"글쓰기를 시작하고자하는 사람에게 강추!! 나탈리골드버그의 ｀뼛속까지 내려가서 써라｀와 ｀글쓰며 사는 삶｀, 박상우의 ｀작가｀까지.."
9791195526581,10,좋은 책이다 살면서 읽어본 책들 중 몇권에 꼽힐 정도로 말이다.....좋은 책 나름 매력적이다. 좋은책 좋은 책 좋은책. 좋은책
9791195526581,6,너무 멘토적이랄까? 글쓰기도 기술이라고 생각하는 사람에겐 그다지...
9791195526581,6,내가 이런 종류의 책을 너무 많이 사보았나 보다. 슬슬 지루하다.
9791195526581,10,스스로에게 묻고 싶다. 이런 책 좀 그만사면 안되겠니? (하지만 재밌는걸...)
9791195526581,10,진정한 작가를 위한 조언.삼류저질작가들은 도저히 알 수 없는 깊은 내공!
9788932030142,10,아직 다 읽지는 않았지만... 여성성을 확보하려는 정말 치열한 투쟁... 전작 ‘여성이 글을 쓴다는 것은’보다 더 시적인데 더 명료해진 기분입니다. 변주가 무한히 반복되고 나니 더 심화된 것 같습니다. 개인적으로 여성성에 대한 고민이 있는데 길잡이가 되고 있습니다. 그저 감사할 따름입니다.
9788932030142,10,김혜순의 시를 그렇게 좋아하지 않는 사람이 봤을 때 탁월한 산문. 본격 작품 비평보다는 시론이 참 좋다.
9788932030142,10,신기하게도 이 책을 읽고 마음이 편해졌다. 여성의 고통을 ‘방자하고 통쾌하게‘ 드러냈기 때문일까.
9788932030142,10,김혜순 시는 늘 뜨겁다고 생각했는데 산문집 역시 뜨겁네요 열심히 읽고 있습니다
9788932030142,10,"<<여성이 글을 쓴다는 것은>> 이후로 참 오랜만이네요. 대학생 때, 참 열심히도 읽었던 기억이 나네요. 예쁜 표지도 마음에 드네요. 믿고 읽는 김혜순!!"
9788932030142,2,친일시와 전두환 생일 축시를 쓴 미당 서정주를 기념하는 미당문학상을 냉큼 받은 이 여자를 ˝누구보다 통렬하게 당대를 비판하고 또 앞질러온 시인˝이라고 평가하는 것은 웃긴 일이다.
9788960903319,8,"<차라투스트라는 이렇게 말했다> 읽고 있는데, 이 책에서 핵심만 딱딱 정리해 주어서 독서하는 데 큰 도움이 되었습니다."
9788960903319,6,"다른 작가들에 대한 평은 평이하고, 밀란 쿤데라에 대해 새로운 사실을 알게 되서 좋았다."
9788960903319,8,아모르 파티.네 운명을 사랑하라.운명을 사랑하면 이 세상이 천국이 된다.
9788960903319,10,문학으로 니체를 배우고 니체로 문학을 읽으니 문학과 니체 모두 전보다 가깝게 느껴진다.
9788960903319,10,"서머싯 모옴이 그려낸 예술가와 생활인이 니체의 초인,말인과 연결지어 설명된 부분이 가장 인상적이었어요. 달과6펜스, 이사람을보라,부터 읽어봐야겠어요. 러시아문학강의에서처럼, 원전보다 로쟈님 말글이 더 재미있을 수도 있겠지만요^^"
9788960903319,10,"쿤데라가 니체랑 이렇게 연결이 되는군요. 무겁지 않은, 가이드랑 함께하는 가을문학산책."
9788960903319,8,"언제나 좋은 참고가 되는 로쟈선생의 책.  니체, 카잔차키스, 서머싯 모옴, 그리고 밀란 쿤데라의 작품을 통해 들여다보는 문학론, 작품론, 그리고 철학.  해당하는 작품에 새로운 흥미를 불러일으키는 촉매제이자 교과서같다."
9788960903319,10,"니체의 말처럼 우리 인생이 영원히 회귀된다면, 그리고 우리가 그것을 열렬히 자각한다면, 우리는 어떤 자세로 삶을 살게될까. 아모르 파티. 너의 운명을 사랑하라!철학적인 이해가 부족해서 좀 어렵기도 했지만 도전하며 읽는 재미와 여러 유명 작품에 대한 이해를 높이는데 도움을 준다."
9788960903319,10,"너의 운명으로 달아나라... 사랑하라가 아닌 달아나라... 제목에 이끌려 몹시도 기다렸던 책이다.  니체의 책을 몇번 시도했다 실패했었기에 더욱 이 책이 필요했고, 그리스인 조르바를 너무 사랑했기에 이 책이 궁금했다. 짜라투스트라를 다시 읽고 싶어졌고, 조르바의 감동에 눈물흘렸다.감사!감동!"
9791156621669,8,친절한 수업과도 같은 책
9791156621669,10,구성도 좋고 정리가 잘 되어 있어 유용하네요
9791156621669,8,좋은 글을 쓴다는것은 쉬운일이 아닌것 같다. 창작의 출발에서 완료까지의 과정을 통해 창작중 발생할수 있는 문제점에 대해서 논하고 완성도 높은 작품을 쓸수 있도록 돕는다.
9791156621669,10,삶이 어떻게 예술이되는지 궁금했었는데너무 좋네요.
9791156621669,8,"좋은 내용이 가득하지만, 전 편보다 약간 더 소설에 집중되어 전개된다."
9791156621669,10,굉장히 흥미로운 책입니다. 보면서 자기자신이랑 계속 비교해보게 되네요.
9791156621669,10,글로 표현하는게 정말 어려운 작업인거 같습니다. 예전부터 글쓰기를 너무 좋아해서인지 이책이 정말 유익할거 같습니다 문학을 창작하는데에도 많은 공부가 될거 같아 기대되는 책입니다
9791156621669,10,"글쓰기를 한다는 것은 정말 엄청난 산고의 결실이라 생각됩니다. 그런 의미에서 작가, 글쓰기를 배울 수 있다니 덤으로 편승하거나 묻어가는 거 같은 죄송스러움도 있지만, 욕심도 나네요. 기대됩니다."
9791156621669,10,글을 잘 써보고 싶어하는 한사람으로 이책은 꼭 읽어봐야할 책인거 같아요 창작에 대한 문제들과 도움이 되는 이야기들이 많이 담겨 있어서 유용할거 같아요 기대됩니다
9791156621669,8,예술을 창작함에 관해서 조금이나마 이해해볼 수 있겠습니다.
9791156621669,10,창작에 대한 깊은 이야기를 읽어보고 싶어요
9791156621669,8,창작이 어떻게 이루어지는 지에 대해 다룬 훌륭한 책이네요.
9791156621669,10,삶이 어떻게 예술이 되는지 어떻게 작품으로 탄생하는지 알아볼 수 있을 것 같아서 기대됩니다
9791156621669,10,작가가되기위해서는 실천적 확립과 노력에 앞서 가치관을 얻어야한다는것을 말해주고 있네요
9791156621669,8,[삶은 어떻게 예술이 되는가]작품속에 예술로써 어떻게 숨쉬게 하는지 궁금하네요...
9791156621669,10,작가의 전편 삶은 언제 예술이 되는가가 문예창작 원론이었다면 이책은 창작의 실제 담론을 다룬 책이라 할수 있습니다.창작에 대한 작가의 생각을 구체화 하고 창작의 실제와 그 과정에서 부딪치는 문제들을 구체적으로 다루고 있어 창작의 고통에 있는 문학인들에게 조언이 될거 같습니다.
9791156621669,8,"글에 대한 관심, 문학에 대한 관심이 많은 사람들이 읽으면 좋을 책이네요.삶이 어떻게 예술로 되는가 라는 질문은 예술 자체가 삶 위에서 가능한 것이라 생각 되기 때문에 필연적인 고통과 고뇌가 따를 수 밖에 없지 않나 하는 생각을 하게 합니다."
9791156621669,8,"1에서 이어지는 다른 이야기들, 재미있어요"
9791156621669,10,삶이 어떻게 예술로 이어져 가는가? 예술가들의 미래를 알아보는 책!
9791156621669,10,예술을 하면서 겪는 고통과 슬픔이 잘 표현된거같습니다. 작가에 다가가기전에 한번 읽으셨으면합니다.
9791156621669,10,창작에 필요한 직관과 그 준비과정에 드는 노력이 결코 덧없지 않음을 깨달을 수 있었다.
9791156621669,10,집필단계에서 단계별 단계별 거쳐야할 준비과정들을 상세하게 서술하여 얻어가는 것이 많아요.
9791156621669,10,창작에도 준비가 필요하고 그 준비로 결실이 맺어지는 것을 이 책을 통해 알 수 있습니다.
9791156621669,10,작품을 사랑하는 방법과 작품을 낳는방법을 배웠네요. 창작을 하고 싶은 용기가 듭니다
9791156621669,10,작가를 꿈꾸는 분들에게 추천해드립니다 창작의 고통을 조금이나마 알듯해요
9791156621669,10,처음 접하는 특별한 문학 창작방법이 제시되어있네요
9791156621669,10,생각이 많지만 글로는 표현안되는 그런 사람들이 읽으면 도움이 될것같습니다.
9791156621669,10,작가를 꿈꾸는 많은 이들이 꼭 읽으면 좋겠네요
9791156621669,10,창작의 고통이 이렇게 힘든 일인지 몰랐는데 창작의 배움을 알게되었습니다. 문학에 배움이있다면 추천해드려요
9791156621669,10,예비 작가분들이 읽으면 좋을 책입니다
9791156621669,10,문학도들에게 추천하고 싶네요
9791156621669,10,책 한권으로 문학창작 수업을 들은 느낌이에요. 공감합니다
9791156621669,10,글쓰는 방법에 대한 이야기네요. 작가 지망생들에게 추천합니다
9791156621669,10,"책을 읽으면서, 특별한 수업을 받는 느낌이 들었습니다. 작가를 지망하는 사람들에게도, 문학을 더 알고 싶어하는 사람들에게 충분히 도움이 될 만한 책입니다."
9791156621669,10,삶을 예술로 만든는 방법이라...참 흥미롭고 재밌는 주제입니다. 작가를 준비하는 분에게 선물하고 싶습니다.
9791156621669,10,작가에게 있어 창작이란 문학의 가장 중요한 부분을 차지함에도 불구하고 여전히 어려운 길입니다. 하물며 일반 대중에게야 굳이 더 말할 필요조차 없는 일이 아닐까 싶습니다. 창작의 실제 과정과 그 과정에서 부닥치는 문제들을 다룬 이 책을 통해 문학을 제대로 알아가는 계기가 되기를 바랍니다.
9791156621669,10,요즘 글쓰기에 관심이 있는데요. 특히 문학 쪽에 관심이 있습니다.이 책은 문학을 창작하는데 도움이 되는 책으로써 방향성을 잘 보여줍니다.
9791156621669,10,작품을 낳는다는 표현이 와닿네요. 정말 문학작품을 사랑하는 분이라고 생각됩니다
9791156621669,10,"<삶은 어떻게 예술이 되는가>, 이 책과 함께라면 평범하기 짝이 없는 제 삶도 예술로 승화할 수 있을 것만 같습니다."
9791156621669,10,이것이 바로 창작이다! 문예창작의 실전을 여기에서 볼 수 있네요. 늦게 글을 공부하는 저에게 참 도움이 되는 책 같아요
9791156621669,10,창작이라는 과정을 서술해야한다고 할까요? 막상 무언가 적고 싶지만 표현이 안되는 분들에게 좋은 책입니다
9791156621669,10,글을 쓰고 싶어 하는 사람들에게는 정말 유용하고 지침이 되는 책인 것 같습니다. 많은 생각을 하게 해주는 책입니다.
9791156621669,10,"창작의 즐거움과 고뇌, 실제 창작에 대해서 그 과정을 알려주고 있어서 작가가 되길 원한다면 꼭 읽어볼 것"
9791156621669,10,구체적인 문학창작론으로 창작 실제의 과정과 문제들을 다루고 있어 실질적인 창작에 도움이 되는 책!
9791156621669,10,글을 쓰기 원하는 사람에게 정말 필요한 책이 되겠습니다
9791156621669,10,창작활동에 대해서 관심이 많아서 그런지 더욱 주의깊게 읽으면서 작가의 길에 대해서 많은 생각을 하게 해주네요.
9791156621669,10,창작의 참맛!
9791156621669,10,글쓰기 창작의 재미를 알려주는 책입니다.
9791156621669,10,"작가를 지망하고 있는 분들이라면, 또 글쓰기를 좋아하는 분들이라면 꼭 읽어보시라 권하고 싶습니다~"
9791156621669,10,"내 주변의 ｀수많은 의미있는 움직임｀ 그 수많은 의미 있는 움직임들을 눈여겨 볼 수 있는 ｀눈｀을 길러준다. 아이들을 위해 밥을 짓는 어머니의 움직임, 거리를 청소하는 청소부 아저씨, 가로수 잎사귀의 작은 움직임..햇빛에 따라 기울어지는 그림자... 내 주변의 수많은 의미있는 움직임을보게 해준다"
9791156621669,10,글쓰기나 창작활동은 그저 막막하기만 한데 처음 시작부터 그 일련의 과정을 꼼꼼히 설명하고 있어서 좋은 것 같습니다
9791156621669,10,작가를 꿈꾸는 많은 사람들에게 한줄기 빛과 같은 책이네요
9791156621669,10,"어렸을 때 작가의 꿈을 지녔던 적이 있어서 그런지 이 책이 눈에 확 들어오네요. 글을 쓴다는 것이 참 어려운데, 저자가 이야기하는 창작의 내용을 통해 많이 생각하고 배울 수 있는 시간이 될 것 같아요."
9791156621669,10,"김형수 작가의 작가수업 2탄. 시리즈 제1탄 <삶은 언제 예술이 되는가> 역시 글쓰기에 대해서 많은 생각을 하게 해주었는데, 이번에도 역시 기대 이상의 내용이 담겨있군요. 작가가 작품을 쓸 때 어떤 생각을 하며 어떤 감정을 느끼는지 창작에 대해서 보다 심도있게 생각하게 해주는 책"
9791156621669,10,글을 쓰기 원하는 사람에게 정말 필요한 책이 되겠습니다.
9791156621669,10,"초등학교 때부터 고등학교 때까지 글도 쓰고 하면서 출판사에 보내 글이 한 번 실렸던 적이 있습니다. 중학생 때 그랬나봐요. 정말 신기한 경험이었고, 아직도 그 책을 가지고 있습니다. 제 글이 실린 그 책을 누군가 가지고 있을 거라 생각하면^^ 웃음이 나요. 언젠가 또 도전해보고 싶네요."
9791156621669,10,문학에 대해서 관심이 있는 분들이라면 한번쯤 읽어 볼 만한 책이네요~
9791156621669,10,[삶은 언제 예술이 되는가]에서 이제 [삶은 어떻게 예술이 되는가]로 이어지는군요. 전작만큼 마음에 와닿는 책이리라 기대합니다.
9791156621669,10,창작활동을 할때 만나게 되는 문제들에 대한 해결방법을 알려주고 어떻게 글쓰기를 해야하는지 알려주는 책입니다.
9791156621669,10,삶은 언제 예술이 되는가-와 이어지는 책인듯 하네요.창작에 정답이란 없겠지요. 창작자들의 심정을 이해하고 창작의 방법을 이끌어주는 작가입문서인듯 합니다.
9791156621669,10,유시민 전 장관님도 추천했던.. 김현수작가님의 책.. 2탄이네요 .. 창작..처음이 어려운만큼 글쓰기시도하시는 분들이 읽음 좋을책입니다.
9791156621669,10,구두를 벗고 물 속에 한발을 들여야 한다는 말이 인상깊네요. 창작의 업이라는 건 참 기묘해요.
9791156621669,10,어찌 보면 어려워 보이는 책인데 문학에 관심이 있는 분들이라면 한번쯤 읽어봐도 좋을 만한 책~
9791156621669,10,예비 작가님들을 위한 필독서쯤 되는걸까요?머릿속에만 떠도는 것들을 글로써 풀어나가는게 쉽지 않은데 차근히 읽어보며 창작에 대해 구체적으로 알아갈 수 있을 것 같네요.
9791156621669,10,창작이란 무엇인가? 문학이란 무엇인가?에 대한 답이 되어주는 책
9791156621669,8,"창작,문학에 대한 이해가 깊어질것 같아요."
9791156621669,10,문학도들에게 아주 좋을것 같아요..저는 글을 공부하지는 않지만 유시민의원이 추천해준 도서라서 기대가 됩니다.
9791156621669,10,글을 쓰고자 하는 사람들에게 삶을 어떻게 창작활동으로 만드는지 알려주는 책입니다.
9791156621669,10,작가를 꿈꾸는 예비지망생들에게 아주 많은 도움이 될만한 책인듯 하네요
9791156621669,10,"글을 통해 자신의 삶을 완성하는 것은 말처럼 쉽지 않다. 그러다보니 자칫 소홀해지는 부분이 많은데 이 책을 통해 글을 써나가는 과정과 그에 필요한 부분을 되짚어보는 시간을 갖게 도리라는 믿음을,"
9791156621669,10,많은 정치인들이 추천한 도서인 만큼 왠지 어렵지만 도전해보고 싶네요
9791156621669,10,모든 창작활동속에 삶이 내재되어있다는것을 알게 해주는 책...어렵고 힘들지만 그 역시 우리 삶속 일부분이 아닐까 생각이드네요
9791156621669,10,예술하면 딱 밥굵기 좋은 나라에서 삶이 예술이 된다는 것의 배고픔.
9791156621669,8,일상의 예술화를 위해서는 먼저 나쁜 버릇을 버려야 한다
9791156621669,10,창작은 어렵죠 현실을 담은 창작은 더 어려운 것 같아요
9791156621669,10,평범한 일상이 표현에 따라 평범하지 않은 일상이 될수도 있다는 것을 알았습니다.
9791156621669,10,말을 잘 못해서인지 글을 쓰는게 좋은데 좋아하는것을 더 아름답게 쓸수 있는 법을 배워보고싶어서 꼭 읽어보고싶네요
9791156621669,10,읽고 나서 많은 생각을 하게 하는 책인 것 같습니다. 이토록 어려운 창작을 도대체 어떻게 해야할지 여러가지 생각을 하게 되네요.
9791156621669,10,말과 글 모두 자신을 표현하는데 사용되지만 글 특유의 장점이라면 몇번을 다시 보고 고르고 골라 자신의 마음에 조금이나마 더 근접하게 표현할 수 있다는 것이지요. 그런 글을 좀더 잘 쓸수 있는 법 배워보고싶네요
9791156621669,8,인터넷의 발달로 많은 글과 댓글이 난무하지만 그저 자신의 심정을 그대로 글로 표현한다는것은 언제 생각해도 힘든것같네요 그런 글쓰는법에 배울수 있을거라 생각해봅니다
9791156621669,10,"말도 글도, 그리고 행동 조차도 자기 자신안의 무언가를 표현하려는 행위이죠. 그중 글은 몇번이나 생각을 거쳐 내 속에있는 것과 가장 비슷하게 내보일 수 있는 도구 중 하나이죠. 내것을 아름답게, 창조할 수 있도록 도와줄 책인 것 같아 꼭 읽어보고 싶네요"
9791156621669,10,창조라는 관계가 먼 생활이지만 창조에 대해서 무언가 배울 수 있을지 기대해본다.
9791156621669,10,인터넷으로 글 써보고 시픈 사람에게도 배울 것이 많다고 느껴집니다. 창조는 누구나 마음만 먹으면 글이든 그림이든 할 수 있으니까요.
9791156621669,10,작가가 되고 싶은것이 아니더라도 그냥 생각나는데로 생각이 이끄는데로 글을 쓰는 것 만으로도 취미가 되고 삶의 활력이 된다고 생각합니다. 글을 통해 나를 표현하는게 즐거우면서도 힘들때 도움이 되는 책이네요
9791156621669,10,창작이라는 건 참 어렵지만 매력적인 분야라고 생각합니다. 저에게도 창작을 해 볼 용기가 필요한데 이 책을 읽어보면서 도움도 받아보고 싶습니다.
9791156621669,10,"꼭 내가 예술가가 되어야겠는데, 하는 분들이 아니더라도 누군가 한 번쯤 내 자신이 예술가가 되었으면 하는 때가 있잖아요. 마음을 그림이나 글로 표현해내고 싶을 때요. 그럴 때 도움을 받을 수 있는 책이라 생각해요. 삶에 예술이 더해지면 더욱 풍요로워 질 듯 합니다. 기대되요.^^"
9791156621669,10,예술이라는 이야기로 어떤 삶을 살아갈지 도움을 주는 책입니니다. 관련된 내용이 없진 않지만 예술쪽에 관심이 있던 없던 상관없이 누구나 읽을 수 있어요
9791156621669,10,구체적인 문학창작론으로 창작 실제의 과정과 문제들을 다루고 있어 실질적인 창작에 도움이 되는 책!
9791156621669,10,과연 삶이 어떻게 예술이 될지 기대됩니다
9791156621669,10,<삶은 언제 예술이 되는가>를 감명깊게 읽었었는데 이 책도 기대가 되네요
9791156621669,10,삶과 예술을 함께 하는 방법을 알려주는 내용으로 글을 통해 소통하는 방법도 함께 하고 있다. 거기에 작가가 되고 싶어하는 이들 뿐만 아니라 문학에 대한 궁금함을 풀고 싶어하는 이들에게 창작의 모든 것을 전해주고 있어 실질적인 도움을 주고 있다.
9791156621669,10,삶과 예술은 뗄레야 뗄 수가 없는 사이인데 그 밀착된 관계성에 대해서 이야기하는 책이네요. 작품을 만드는 작가라면 모두들 한 번쯤 가져보았을 의문들에 어떤 대답을 내놓기도 합니다. 글을 쓰는 작가들의 재미있는 일화들도 읽어볼만 한 것 같네요. 좋은 책입니다.
9791156621669,10,글쓰기와 창작과 관련된 실질적인 문제와 그 과정들이 잘 드러나 있어 읽는 재미도 있다. 특히 유명 작가들의 창작과 관련된 이야기들이 있어 더 유익하다. 예술은 멀리 있지 않다.
9791156621669,10,창작의 고통에 힘들어하는 분들 한번쯤 읽어보시길.. 어렵지 않게 창작하는 법을 알려줍니다
9791156621669,10,훗날 스토리쓰는 직업을 가지고 싶은 저에게는 훌륭한 참고서가 되어줄 책 입니다.
9791156621669,10,삶은 언제 예술이 되는가의 후속작 전작도 한번 읽어 보시길
9791156621669,10,"창작의 출발에서 완료까지,작가들이 창작 실제에대해 남긴 소중한이야기들이 김형수작가의  지식과 함께 이 책안에 녹아있다. 글쓰기를 좋아하는사람에겐 매우 유익한 책이다."
9791156621669,10,삶은 단순히 본능의 욕구를 채운다고해서 절대 해소될 수 없는 그 무엇이라고 생각해요 예술을 통해서 끊임없이 창조하며 자신의 차이의 반복을 만들어내는 일만이 사람을 살만하게 만든다고 생각합니다. 이책은 그러한 예술에 대한 중요성과 방법을 알려주는 아주 좋은책같다는 생각이 들어요 !
9791156621669,10,"창작에 대한 많은 책들 중에 기억할만한 한 권으로 올려둡니다. 단순한 이론서가 아닌, 삶과 예술을 통찰하고 돌아보게 하는 책이라 더욱 추천해요."
9791156621669,10,"글은 쓰는 게 아니라 낳는 것이고, 낳기 위해서는 사랑이 필요하다."
9788950961244,10,우울증에 빠져 글자를 끄적거리다 내 글들이 얼마나 한심한지...깨닫고 32편의 시가 얼마나 위대한지 알게해준 책 이어령의 다른 책들도 읽고 싶어졌다
9788950961244,10,"이어령 ""공간기호학""이라는 책이있습니다. 아마 본서의 이론적 배경이되어주면서도 공간에 대한 더 자세한 분석과 내용들이 담겨있기 때문에 언어로지은집을 읽고 이러한 방식의 문학분석에 관심이 생기셨다면 함께읽으면 좋을것 같습니다. 이 책은 공간기호학의 좀더 친근한?버젼이라고 생각됩니다."
9788950961244,10,"학교에서 배운 것들은 껍데기였거나 헛개비였거나. 망치로 뒤통수를 얻어맞은 기분이다. 그의 해박함과 심오함에 늘 감탄한다. 좋은 책이다. 재독에 삼독, 두고두고 읽어도 좋을 책이다."
9788950961244,10,대표적 지성 이어령 선생은 학교에서 죽어나갔던 우리 시들을 되살려 냄으로써 우리 언어가 가진 Arete를 새삼스레 확인시켜준다.시의 부활을 통한 언어의 복원은 곧 사유하는 힘의 회복을 의미한다.지적 모험과 감성적 기쁨을 동시에 제공하는 아름다운 책이다.
9788950961244,8,˝왜 눈을 그렇게 떠?˝ ˝아니 아니˝˝너 어디서 반말이니?˝
9788950961244,10,어린시절 배웠던 시들의 해석을 통해 .. 시의 아름다움을 다시 찾을수있을듯해요
9788950961244,10,"학교에서 배울 땐 정말 의미하는 바와 시인의 태도, 어조니 하면서 이해라기보다는 줄줄이 외우며 공부했는데 이런 겉핥기식이 아닌 정말로 이 시들을 이해 할 수 있도록 도와줄 책인거같아요"
9788950961244,10,반갑습니다. 오랜만에 나온 이어령 선생님의 문학평론.
9788950961244,10,"일상적 삶의 벽을 무너뜨리는 놀라움, 언어의 심층에 싸인 시의 비밀을 밝혀내는 이어령님의문학수업,옛 추억속에 잠길수도 있고 그 느낌을 가슴깊숙히 다시한번 세길수 있는 기회라너무 기대되는 책입니다"
9788950961244,8,한국의 명시들을 이어령 교수님이 직접 선정해서 그 분의 해설과 같이 볼 수 있어서 좋네요.좋은 시 뿐만 아니라 좋은 글도 같이 볼 수 있어서 시에 대해서 잘 모르는 사람도 충분히 쉽게 접근 할 수 있게 해 줘서 좋습니다.
9788950961244,8,기호학을 접목 시켜서 한국으 명시들을 다뤘다고 하니 신선해서 관심이 가네요. 해설과 함께 곁들여져 더욱 좋을 것 같습니다.
9788950961244,10,한국의 명시를 제대로 이해하게 도와주는 해설집이네요
9788950961244,10,한국인들이 좋아했던 시와 감동시킨 명시 해설이라고 불리는 해설들이 합쳐지니 참 좋은 책 같네요.
9788950961244,10,여러 시들을 보고 좋은 해설과 함깨하니 도움이 더 되어보입니다.
9788950961244,10,이어령 이름만으로 이 책은 충분히 살 가치가 있다.
9788950961244,10,한 편의 시를 통해 얻게 되는 많은 것들을 바르게 알고 이해하는 과정으로 생활 속에서 더 가까워질 수 있기를.......
9788950961244,10,시는 읽는 이의 감성이 중요하다고 하지만 그만큼 지은이가 전해주는 감성도 중요하다는 생각입니다. 그런 의미에서 보면 그동안 우리가 잘못 알고 있었던 시어를 바르게 잡아가는 계기가 되리 기대해봅니다.
9788950961244,10,누군가가 해설을 덧붙여주면 시를 더 잘 이해하기 쉬운데 이어령 선생님이 그 역할을 하셨다니 무척이나 반갑네요
9788950961244,10,언어 마술사이신 이어령 교수님의 새로운 시 해석을 접해보고 싶네요. 아는 만큼 보인다는 말처럼 시 해석의 지평을 열어줄 것이라 믿어요.
9788950961244,10,좋은 해설로 시를 읽는 감동이 두배 아니 세배 이상으로 증폭되네요.
9788950961244,10,시보다 해설이 더 좋다고 해야하나... 이어령 선생님의 말씀 참 좋습니다.
9788950961244,10,이어령 교수님이 선정한 애송시에 담겨있는 깊은 의미를 짚어보며 바른 이해를 할 수 있기를 바란다.
9788950961244,10,이어령교수님의 시의 해석을 보고있으면 한국시가 얼마나 아름다운지 깨닫게 됩니다. 책으로 가만가만 읽어주시는 것 같아서 좋습니다
9788950961244,10,제가 좋아하는 이어령님의 책이 드디어 나왔네요. 시를 소개하고 학자로서 시에 대한 새로운 해석과 읽기를 담은 이번 책은 꼭 읽어보려고 합니다
9788950961244,10,고3이 거의 끝나가는 무렵에 이런책이 늦게나와 좀 슬프기도 하지만.. 여러문학작품이 있는걸 보니 살아가는데 도움이 될책인거같습니다
9788950961244,10,이어령님이 유명한 시를 해석하셔서 정말 의미가 깊습니다.
9788950961244,10,우리 정서를 적셔주었던 이어령님의 시에 대한 해설집이라 무척이나 기대되네요..옛 추억에 다시한범 잠길 기회가 될것 같아 너무 설레입니다
9788950961244,10,좋은시들이 정말 많네요. 해설까지 곁들어진덕분에 더 기대되네요.
9788950961244,10,문학시간에밑줄치면서시험을위해공부했던시와는다튼느낌으로다가올거같아서이어령님의이번책이너무기대가됩니다.
9788950961244,10,수많은 시집을 다 읽을수 없는 시점에서 좋은 시들을 소개하는 책은 참 좋네요. 이어령 작가의 생각과 함께 읽을수 있어서 좋은거 같습니다.
9788950961244,10,정말 좋은 시들을 국어 교과서 밖에서 볼 수 있어서 더욱 좋아요. 두고두고 감상할 수 있는 멋진 시집이네요.
9788950961244,10,정말 유명한 시들. 중고등학교를 대한민국에서 나왔다면 대부분 알 수 있는 32편의 시를 이어령 교수님의 생각과 함께 감상할 수 있어서 참 좋네요.
9788950961244,10,대한민국 이 시대의 현존하는 최고 지성인이라 할 수 있는 이어령 교수님이 추천하는 한국인의 애송시 32편을 만나볼 수 있는 책입니다.
9788950961244,10,이어령 선생님이 직접 고르신 시를 만나서 좋아요. 젊은 시절 한번 쯤 들었던 시를 감상하며 추억에 잠길 수 있어서 더 감동이 되네요.
9788950961244,10,믿고 볼수있습니다
9788950961244,10,읽고싶은책이네요
9788950961244,8,다시 한번 읽고 싶은 시를 엮은 책이 아닐까 생각합니다
9788950961244,10,"학생 시절 교과서로 접해봤던 시들이 많이 보이는데, 성인이 되어서 그 의미를 깊게 알게되는 시간이 될 것 같습니다."
9788950961244,8,누구나 한번쯤 읽었고 기억하고 있는 시들입니다. 제가 좋아하는 시들도 다수네요. 다만 ｀성탄｀과 ｀나는 왕이로소이다｀ 가 없는 것이 아쉬워요. 제가 젤 좋아하는 시인데.
9788950961244,10,시 해설집은 내가 생각지 못한 다른 걸 생각하게 해준다
9788950961244,10,언어로 세운시｀제목에서 느껴지는 부드러움이 마음을 편안하게 해줍니다. 우리들이 잘 알고 있는 시를 통해 그 속에 담겨있는 또 다른 비밀을 풀어가는 즐거움을 얻게 되기를.......
9788950961244,10,우리가 알고있는 시에 숨겨있는 언어속 비밀이 과연 무엇인지 궁금합니다.이어령교수님의 명시해설이 정말 기대됩니다.
9788950961244,10,언어로 세우다.. 우리의 말을 시로 표현하여 집과 같이 편안한 공감형성을 이루어 시로 표현한 이 언어로 세우다집이..내마음속에 또다른 집을 세울것 같네요! 시적에 표현된 우리의 감성적인 표현.. 이제 만나 보시죠
9788950961244,10,한국을 대표하는 시를 이어령 교수님이 엮은 시집을 통해 볼 수 있다. 시에 대한 제대로 된 해석과 우리가 알지 못했던 이야기까지 만나볼 수 있다. 그래서 한층 더 깊이 시를 이해하게 되고 비로소 제대로 된 아름다움을 느낄 수 읶게 되는 것이다.
9788950961244,10,여기 소개된 시는 한국인이라면 상식처럼 알아야되는 시라고 생각합니다 이어령씨의 해설과 함께 읽으면 어려운 시라도 이해하는데 도움이 되겠죠
9788950961244,10,어려운 시들을 다시 볼 수 있어서 예전 공부했던게 떠오르는 것 같아요.
9788950961244,10,한국의 역사를 고스란히 담고있는 시로부터 다시한번 감동을 느껴볼수있다.
9788950961244,8,시가 어렵다고 느껴진 건 시를 하나하나 쪼개가며 해석 하려다 보니 도리어 어렵고 멀게 느껴졌는데. 이어령 교수님의 해설과 함께 보는 것도 좋을 것 같지만 좋은 시를 그냥 시로서 편안히 감상해 보고 싶네요.
9788950961244,10,"이어령교수님의 시, 그것도 명시 해설이라...유명하신 분이죠. 어떻게 해설을 하실지 기대됩니다."
9788950961244,10,교수님의 새로운 형식의 시... 많이 기대됩니다.
9788950961244,8,평소 시에 관심없던 사람도 시에 대해 이해할수있도록 설명을 잘해놓았네요
9788950961244,10,교수님의 시 해석 기대됩니다
9788950961244,10,천편일률적으로 이해해온 시들에 대한 재해석이 아닌 한 인간에게 다가온 시에 대한 영감을 풀어낸 고백과 같은 책   우리는 과연 시를 알고 있는가 아니면 체험하고 있는가
9788950961244,10,이어령 교수님이 직접 고른 명시 32편으로 한국 현대사를 이해할 수 있을 것 같네요
9788950961244,10,사실 아직 시를 잘 이해하기 힘들고 어려워서 고등학교 문학 수준에 멈춰있데 이 책을 통해 시를 깊이 읽는 법을 배울 수 있을 것 같아 매우 기대됩니다.
9788950961244,10,명시로만 구성되었군요.
9788950961244,10,단순한 시지만 그 안에는 많은 의미를 함축하고 있는시!!특히 요즘같이 일본의 역사왜곡이나 도발이 일어나는 시기엔 그 시대를 상기시키며 한번쯤 다시 읽어봐야할 시들인듯하다~~역사가 아니라도 어쩌면 그렇게 아름다운 문장들을 생각해 낼수 있었는지 참 감탄스럽다.
9788950961244,10,"<다시 읽은 한국시>가 드디어 책으로 나왔군요! 이어령 선생님의 글을 읽다보면, 이분은 원로가 아닌 여전히 현역으로 활동하는 문학평론가임을 알 수 있습니다."
9788950961244,10,믿고 읽는 이어령 교수님의 ｀추천 시｀라니 그냥 지나칠 수 없겠군요. 시문학도가 된 마음으로 이교수님의 문학수업에 즐겁게 동참하렵니다.
9788950961244,6,시를 많이 접할 기회가 없었는데 이책을 통해 많은 시를 접하게 되었어요.그덕분에 시도 매력있는 장르라는걸 알았네요.
9788950961244,10,한국시... 정말 다채롭다..
9788950961244,10,한국을 대표하는 시를 다시 엮어서 볼수있다니 정말 영광입니다.좋아하는 시들이 많아서 더 재미있네요.수업시간에 들은 기억이 새록새록납니다.
9788950961244,10,"주옥같은 선정시 때문인지, 책 제목마저도 마치 시처럼 느껴지네요. 왠지 노을이 지는 언덕에 고요하게 서 있는 아담한 집이 생각납니다~"
9788950961244,10,언어로 세운 집 이름이 참 멋집니다. 이어령 교수님께서 고르신 시를 직접 읽어보고 싶네요.
9788950961244,10,"국문학의 권위자 이어령 교수님이 고른 애송시,자녀를 위해서도 미리 읽으며 공부해놔야겠다."
9788950961244,8,가을에 어울리는 시! 기대됩니다^^
9788950961244,10,이어령 선생님과 함께 보는 한국시. 가을에는 시집 한 권 정도는 읽어야겠죠?
9788950961244,10,믿고보는 이어령선생님
9788950961244,10,호기심이 생기는 제목에 작가가 이어령선생님이니 기대됩니다
9788950961244,10,언어로 세운 집이라는 제목이 마음에 와닿네요.아름다운 시를 정교하게 쌓아올린 언어의 집에 비유하다니 멋지네요. 이어령 교수님께서 직접 고른 시라고 하니 더욱 기대되고 읽어봄직한 시집이라는 생각이 듭니다.
9788950961244,8,익숙한 시의 해설이라 쉽게 이해할 거 같습니다.
9788950961244,8,언어로 세운 집 제목도 좋습니다.
9788950961244,8,이어령 선생님의 시 해설 기대됩니다.
9788950961244,10,추억의 시집을 이어령님의 해설과 함께하니 어떨지 정말 궁금해지게 하네요
9788950961244,10,이어령 교수님의 해석은 어떨지 정말 기대가 됩니다.궁금해지네요
9788950961244,10,우리가 알고 있던 시를 다른 시각으로 볼수있다.일독을 권합니다.
9788950961244,10,지금까지 알던 시들을 다른 해석으로 읽을수도 있었군요..
9788950961244,10,이어령 선생님이라는 이유만으로 어떤 의미를 지닐 책이다. 선생님이 선택한 시와 그에 대한 말씀을 듣는 가을이라면 얼마나 충만할까.
9788950961244,10,시의 겉모습만 보다가 시의 내면. 안을 들여다 본다는게 어떤 것인지 가르쳐주는 책이라고 생각합니다.
9788950961244,10,이어령교수님께서 직접 선정해주신 시편들... 선생님의 시각으로 바라보는 시들의 평이 무척이나 궁금합니다.
9788950961244,10,시를 이해하고 쉽게 다가가게 해 주는 것 같아서 좋고 작가님더 너무 돟아하는 분이라 더 좋네요.
9788950961244,10,시에 대해서 잘 모르는 저에게 길잡이 샅은 책 같아요.오랫만에 이어령 선생님의 책을 접해서 너무 반갑습니다.
9788950961244,8,시의 명인. 이어령 교수님께서 선정하신 명 시편들. 한번 보고 가세요.
9788950961244,10,중등교육 시기를 지나서 하는 애기이지만 교과부에서 내놓은 해설 위원들의 시 감상 진짜로 쓰레기였다.차라리 이 책을 읽는데 더 편하다.
9788950961244,10,문학적 기본 소양을 위해 한번 읽어볼만한 책입니다.
9788950961244,10,마냥 어렵기만 한 ˝시˝를 우리가 알고 있는 친근한 시들로 풀어헤쳐준 책이네요~
9788950961244,8,씨앗 하나가 품은 세계는 꽃으로 나무로 열매로 자신의 존재감을 과시하듯이 함축된 시어의 세계속에서 발견할 수 있는 그 무궁무진함에 풍덩하네요^^
9788950961244,10,이어령님의 시 산책 꼭 읽어보고 싶네요.
9788950961244,8,꼭 구입하고 싶은 시 해설서 입니다...
9788950961244,10,익숙하고 유명한 시이지만 친절한 해설을 통해 시를 마음깊이 각인시킬 수 있을 것 같아요.
9788950961244,8,시를 깊이 있게 통찰해볼 수 있겠어요
9788950961244,10,유명 작가들의 적은 시와 글은 시간이 흐를수록 더욱 숙성되어 더욱 좋은 향과 아름다운 물결 같이 멋이 느껴집니다.
9788950961244,10,익숙한 아름다운 시를 모아놓은 아주 예쁜 책이네요. 이어령 님이 해설해 주니 더 좋아요.
9788950961244,10,좋은시들이 다 모여있는 좋은 책이네요
9788950961244,10,자 우리는 추억을 회상하면서 읽습니다.
9788950961244,10,이어령 교수님의 설명으로 시를 접할 수 있다니 좋네요. 제가 시를 어려워하거든요. 많은 도움을 받을 수 있을 것 같습니다.
9788950961244,10,역시 이어령님~ 좋아요~
9788950961244,10,학창시절 접해 본 애송시 32편. 책을 구매할때마다 시집을 한 꿘씩 사보자고 생각하지만 생각처럼 쉽지 않다. 어렵다 느껴진 시. 이어령님의 이 책을 통해 좀 더 쉽게 다가갈 수 있었으면 좋겠네요.
9788950961244,10,시의 해설집이라고 해야하나.학생시절 배웠던 추억의 시들을 새로운 해석으로 만나볼 수 있는 책인듯.
9788950961244,10,시에 흥미가 없는 등학생들이 읽어도 좋을 책입니다. 성인들도 예전에 배웠던 시들을 다시 읽어보며 작가님의 글을 읽어가면서 다른 면을 보는 것도 재미있을 것 같습니다.
9788997751433,2,깊이는 없고 그냥 사건 전개만 설명한다 읽으면서 몇번씩이나 책을 던지고 싶었다
9788997751433,10,"동판 삽화가 멋있고, 그리스 로마 신화에 대한 해박한 지식들이 친절하게 설명되어 있어 지루하지 않고 재미있는 신곡을 읽을 수 있다. 이 책을 읽고 신곡을 원문으로 읽고 싶어졌다."
9788997751433,8,고전의 입문서격. 판화 도판이 보기 드물게 많이 들어 있어 보는 즐거움이 있다.고대 비극/그리스로마신화를 들려 주며 신곡의 이해를 돕는다.신곡 자체는 줄거리 형식과 주요 문구로 구성. 기초 안내서의 역할에 충실하고 있다.고대그리스 문학과 신화에 대한 지식이 없는 분들에게 추천하고 싶다.
9788932317083,8,이 책은 차갑고 매섭다. 하지만 책의 주제인 우리말에 대한 관심은 몹시 뜨겁게 한다.
9788932317083,10,"일상생활에서 일본식 표현 너무 많아서 고쳐야겠습니다. 학생들도 꼭 읽어야할 책, 우리말 어법 많이 몰랐던것같습니다."
9788976822338,10,"낯선 얘기들이지만, 깊게 읽었다. 다만, 4부 문학의 비시간은 너무 낯설어 억지로 억지로 읽었다. 무지하다 보단 낯설었단 말로 일단 가려둔다."
9788976822338,6,"들인 품에 비해 소득은 떨어진다. 진정성을 모르는 건 아니나 랑시에르를 앞세워 논의를 펼치면서 정작 감성적 체험과 정치적 의미가 어떻게 서로 결합되는지 뾰족한 설명이 없다. 결국 하고자하는 말이 '이질적 접합의 가능성을 자신의 삶속에 마련'하란 건데, 이 얘기하려고 이토록 어렵게 글을 쓰나"
9788996283782,2,시리즈를 다 사보았는데 이걸 제일 먼저 펼쳤다. 다른 책도 이딴식이라면 정말 나는 돈지랄을 한 것이다.작가가 스니커 문고에 무슨 악감정이 있는지 모루겠네.라노베 주인공같은 성정으로 글을 써놓아서 읽는 내내 얼마나 힘들었는지 모른다.
9788996283782,4,"혹시라도 장르문학 또는 웹소설에 적용할 것이 있나 생각하고 읽는다면 다른 책을 권함.언제 쓰여진 책인지 정확히 알 수는 없으나, 이제 와 이런식의 라노벨식 소설정체성 탐구는 다소 낡은 감이 있다."
9788996283782,6,"'캐릭터 소설 쓰는 법' 이라기보단 '일본 캐릭터 소설에 대한 반쪽짜리 개론' 이라는 제목이 더 어울리는 책입니다. 무가치한 내용이라고까지는 할 수 없겠지만, 적어도 기술적인 면에서의 조언을 기대한다면 구매할 이유가 없다고 해도 무리가 아닐 듯 합니다."
9788996283782,10,"나름 재미있게 있은 책, 지금도 가끔 뒤적여 본다. 다른 저서들도 출간해주면 좋겠다."
9788996283782,8,"괜찮은 조언들이 많지만 일본 캐릭터소설에 대해 써놓은 것이므로, 그대로 받아들일 수 없는 점이 아쉽네요. 하지만 일본에서 데뷔하고 싶으신 분에게는 추천! 개인적으로 이 책보다 스토리메이커가 더 도움이 되는 것 같습니다."
9788996283782,6,작법서가 아니라 라노베 정체성 탐구에 관한 책이다.
9788959136803,6,“남과의 비교는 내 인생을 조각조각 내어 조금씩 도랑에 집어 넣는 일이다 “
9788959136803,10,감동입니다^^ 영어 읽다가 한글 버젼은 금방 소화하지만 영어를 좋아하는 사람의 필독서 ㅋ
9788959136803,10,사랑하는 것은 그 사람을 살게끔 하는 것
9788959136803,8,장영희교수의 문학에 대한 사랑과 사람에 대한 관심을 보여주는 책. 그녀는 떠났지만 그녀가 남긴 흔적들은 우리에게 많은 울림을 준다.
9788959136803,10,"글을 사랑하고, 문학을 사랑하고, 사람을 사랑하자."
9788959136803,10,이분이 고인이 되셨다는 사실을 알게되어 너무 안타까웠다. 책을 읽고나서 이 이야기를 통해 누구나 공감할 수 있는 글을 쓰시는 분을 이제서라도 알게 되었다는 사실에 감사한 마음이 들기도 했다.
9788959136803,10,교수님이 떠나신지 벌써 3년이 지났다. 하지만 그녀의 따뜻한 글들은 여전히 가슴속에 많은 감동과 울림을 주고 있다. 세상을 향해 발걸음을 내딛는 청춘에게 선물하고픈 아름다운 책이다.
9788959136803,8,아.. 장영희 교수님 너무 좋아하는데.. 이 책은 망설이다가 교수님의 책이기에 그래도 샀는데. 새로운 글 몇몇에 그전 여러 책의 내용을 뽑아 짜깁기 한... 이런 상술 싫어요... 사진을 봤다는데 의의를..ㅠ.ㅠ
9788959136803,10,존경스러운 분이시고 살아계실때 만나뵙지 못한게 참 아쉽네요. 제가 가르치는 제자들에게 꼭 선물해주고 싶은 책이네요^^ 따뜻하고 쉽고 깊은 진심이 있어요^^
9788959136803,10,"강의록이라 약간 망설였지만, 그분의 책이라 과감히 샀는데 역시 실망하게 하지 않았다. 어려운 시기에 많은 위로와 힘이 되어 준 책이다!!"
9788959136803,10,역시 문학과 사람의 따뜻함을 느끼게 해주는 책입니다. 에밀리 디킨슨의 시를 가장 좋아하신다네요.
9788959136803,10,장영희 교수님의 책은 무조건 산다. ㅜㅜ
9788937426674,10,비교문학의 발전 시기를 따라 일목요연하게 잘 정리되어 있습니다. 입문서로 강추!
9788984312920,10,"자신의 욕망,상처의 근원을 제대로 알기란 쉬운 일이 아니다.글쓰기는 그걸 알게 해준다.단,눈치보지 말고,자기 검열하지 말고,프로이트식 자유연상처럼 떠오르는 것을 ｀써재껴야｀ 한다.그러다보면 방어기제로 쉴드 쳐졌던 상처들이 슬슬 스트립쇼를 시작한다.치유가 시작된 거다."
9788984312920,10,"글을 쓰면 치유가 된다. 이건 직접 써본 사람만이 알 수가 있다.
우리는 일기를 의무적으로 쓰는 사람도 있지만 실제롤 진심으로 쓰다보면 마음이 치유되는 것을 
느낄수가, 알수가 있다.
꼭 읽어보기를 강력히 추천"
9788984312920,6,"너무 많은 기대를 갖고 읽어서 그런지 생각보단 좀 만족스럽지 못했지만, 읽을만한 괜찮은 책입니다"
9788984312920,8,"배설, 발설, 마음을 치유하는 가장 원초적이며 확실한 방법이다. 자 이제 치유의 글쓰기를 시작해 보자."
9788984312920,6,솔직히 별로 추천하고 싶지 않다.
9788984312920,6,왠지 핵심보다는 서술이 길다
9788984312920,10,모두를 부흥회로 초대하는 책.
9788984312920,10,글쓰기는 발설의 일부다. 내 마음을 아무에게도 털어놓기 싫을때 나에게 글을쓰자
9788984312920,10,억지스럽지 않게 스며들어 나를 움직인다
9788984312920,8,"토론 모임에 나가는 딸친구 맘을 위해 구입한 책, 도움이 되었으면...,"
9788971992951,10,명. 불. 허. 전.
9788971992951,10,수학으로 치면 <수학의 정석>같은 책.
9788971992951,8,"난삽한 문장과 진부한 표현에 대한 저자의 진절머리가 내게도 옮은 듯. 직장에서 관료적 글쓰기로 스스로를 비개인화해야 하는 매일 8시간이 남은 16시간에 영향을 미치지 않도록 정신, 즉 정신의 생기 차리기. 글의 목소리를 듣는 독자 되기. ｀뜻밖의 기쁨｀ 주는 시작과 끝은 따로 모아서 연구하기."
9788971992951,10,진중해보여서 ㅋㅋㅋㅋ
9788971992951,10,좋습니다.
9788971992951,8,글쓰기에 대해 체계적으로 알 수 있었습니다.
9788971992951,10,명쾌하고 설득력 있다. 다만 외서라 예시로 든 글들이 본래 영문인 것이 아쉽다. 한글판 ｀글쓰기 생각쓰기｀가 나오면 매우 반갑겠다.
9788971992951,10,아직 다 읽지않았지만 내용이 좋습니다.다소 영어적인 표현법이나오지만 글쓰기 접근법에 대해 다가설수 있어요~
9788971992951,10,도서관에서 읽어보다 사고 싶어 샀다.
9788971992951,10,자극을 팍 팍 주는 책. 읽다보니 마구 쓰고 싶어지네요.
9788971992951,4,"뭘 쓰고싶냐에 달렸지만... 소설쪽이라면, 절대 비추. 차라리 이외수 책을 추천.;;"
9788971992951,10,글을 잘쓰고 싶어서 구입했습니다.
9788971992951,8,촌철살인의 중요성을 말하는 책. 작가도 글쓰기에 어려움을 겪는다는 사실에 위로ㅋ
9788971992951,10,글쓰기가 당신 인생에 도움이..어쩌고는 필요없다. 더 잘 쓰고 싶은 사람들을 위한 책
9788971992951,10,"한국 상황하고는 맞지 않는 예문도 있지만, 글쓰기에 대한 전반적인 정보를 주는 책"
9788971992951,8,글쓰기 초보인 내게는 좀 어려운책 같은데 초보에서 조금씩 나아지게 만든책
9788971992951,8,"자신의 생각을 글로 잘 표현할 수있는 길잡이 책이다.
학생들에게 특히 권하고 싶"
9788971992951,10,"어느 정도 글쓰기에 익숙해서 난삽한 분,읽으면 Good !!!"
9788971992951,8,많은 생각들이 떠오르지만 그것을 글로써 지면에 옮겨 놓기란 쉽지가 않다. 도움받음
9788971992951,10,지금 다양한 장르의 논픽션을 쓰고있는 사람을 위한 간소하고 명료한 글쓰기로 유용함
9788971992951,8,아직 다 못 읽어봤는데... 그래도 생각보다는 쉽게 쓴 글 같아요.. ^^;;
9788971992951,10,생각만 있고 글을 쓰지 못하는 사람들이  과감히 시도할 전략을 제시한다.
9788971992951,8,읽기도 쉽고 이해가 잘됩니다.. 글쓰기에 점점 더 자신감이 생깁니다..
9788971992951,10,생각한것을 글로 옮기기 위한 스킬을 적어두었는데 개인적으로 도움이 많이 됩니다
9788971992951,10,작문에 대한 최고의 책이다. 밑줄긋으며 꼼꼼히 읽다가 맨끝장을 맞닥뜨리고는 슬펐다
9788972913108,10,"한국인임에도 불구하고 한국어를 제대로 사용하고 있지 않다는 사실을 이 책을 통해서 알게 되었다. 조사를 중점적으로 살펴본 책이지만, 그 외에도 생략, 축약, 문장의 호응 등 우리가 꼭 알고 사용해야 하는 것에 대하여 충실하게 담고 있다. 곁에 두고 자주 읽어봐야 할 책임이 틀림없다."
9788972913108,10,정확한 글쓰기를 위해
9788972913108,8,글쓰기 참고 도서
9788972913108,10,언제 어디에 어떤 문법이 사용될까? 이런 궁금함을 알기 쉽게 풀어놓은 책...
9788972913108,8,도대체 우리는 우리말에 대해 얼마나 제대로 알고 있나? 자신의 무지에 오싹해진다.
9788908020191,6,번역 좀...... 삼십 년째 안 고친 오타랑 편집 오류도 너무하고ㅋㅋ 아무튼 이 책에서 언급된 세계문학 작품들은 찬찬히 읽어보겠습니다^^;
9788908020191,4,정신차려야 할 것은 저자가 언급한 대부분의 아웃사이더가 소설 속 픽션의 인물이라는것...실존주의를 우상화하던 동시대 사람이 아니라면 치기 발랄함으로 가득한 책으로 밖에는 안보임.. 번역은 70년대 초판을 낸 후 한 번도 개정을 안한듯 ｀올드｀함.
9788908020191,10,우리 모두가 아웃사이더 아닐런지!!
9788936463533,8,젊은 평론가의 2010년대를 갈무리하는 문학평론을 읽고 싶어서 구매했다. 빨리 왔으면!
9788936463533,10,"오랜 기간 고민하였던 많은 말들이 ‘안녕‘이라는 한 마디로 출간된 듯 하다. 앞으로도 일관되게 밀도 높은 믿음과 단단함으로 시문학의 여러 방면을 열어줄 것을 기대하게 하는, 좋은 글을 만났다."
9788950984052,10,"다리오, 네루다, 바예호, 파라를 중심으로 라틴아메리카 시인과 시를 다루고 있다. 개인적으로 이런 기획이 꼭 있었으면 해서 정말 반가웠다. 대표 작가들을 포함해서 라틴 아메리카 시가 번역된 것이 여전히 적은 것 같아서 아쉽다."
9788950984052,10,"어둠을 뚫고 시가 내게로 왔다  평점 어둠을 뚫고 시가 내게로 왔다, 제목도 멋진 서가명강의 새 책. 라틴아메리카 문학의 세계로 빠져보겠습니다!"
9788984776630,10,이 책 진짜 좋은데 평가가 없네 초심자가 보기엔 좀 아쉽고 글 좀 써본 사람들은 여러모로 공감하면서 또 색다른 걸 배우면서 읽을 수 있을듯 쓸데없이 두껍지 않고 핵심만. 가격이 좀...두께에 비해 그렇지만 내용물의 가치느니 충분
9788960905702,10,참 좋은 책이다. 한 글자 한 글자 음미하면서 읽었다. 웬지 작가님도 한 글자 한 글자 정성들여 쓰신 책 같았다. 참 요즘 같은 세상에 드문 책이다.
9788960905702,10,<당신은 이미 소설을 쓰기 시작했다>랑 짝이라고 해서 샀어요. 정확히 이승우 작가님의 산문이네요.ㅎㅎ 기대한 대로 너무 좋습니다.
9791187756323,10,"좋은 비평집이다. 현장에서 활동하는 시인의 비평집이라 더 흥미롭다. 곳곳에서 시에 대한 저자의 애정이 느껴진다. 현대시, 특히 2000년대 이후의 현대시를 이해하고 공부하기에 더없이 좋은 텍스트다. 강추한다."
9791158090814,10,"종교, 판타지 그리고 비참한 근대 러시아의 서민의 일상이 위악의 모습으로 꿀꿀이 죽처럼 때론 성구처럼 버무려진 도스토옙스키의 소설은 늘 받아들이기 어려운 문장들로 구성되어 있다. 그런 그의 소설의 진면목을 사실은 진흙 속에서 피어난 연꽃임을 알게 해 준 멋진 책. 위안과 안식을 안겨준다"
9791158090814,6,"너무 빨리 도스토옙스키를 형이상학적 가치로 몰고가는 느낌. 종교인이라면 이 글에서 나타난 신의 자리를 종교로 대치시키면 되고, 비종교인이라면 자신이 추구하는 가치(문학, 도덕, 휴머니티)로 대치시키면 되겠으나, 형이상학이 부재하거나 적출된 이를 위한 글은 못되는것 같다."
9791158090814,8,"도스토예프스키의 작품을 읽었던 사람이라면 누구나 의문을 가졌을 법한 신학적 물음을 엄숙하고 장황한 말로 풀어나가고 있는 책입니다. 그러나 분류에서도 봤듯이 종교적이 성향이 짙은 책으로, 기독교가 아닌 사람에게는 자못 흥미를 느끼지 못할 수도, 읽기 위해선 끈기를 가져야 할 수도 있습니다."
9791158090814,10,작가의 흡인력이 대단하여 처음 몇 장을 읽자마자 묵직한 내용에도 불구하고 빨려들듯이 읽었다. 도스토예프스키를 읽었을 때의 감동이 배가 되는 느낌.
9788937475290,10,"고대 그리스 사람들 문학을 원전으로 읽는 것은 처음이다. 먼 옛날 사람들이지만, 그 긴 세월이 간극으로 느껴지기보다는 깊이로 느껴진다. 아름다운 시 번역해주신 역자께 감사드린다."
9788937475290,6,예전에 나왔던 오자성 번역이 훨씬 좋았던 것 같다. 민음사 본은 서정적인 애절함 등이 잘 느껴지지 않는 번역이다. 너무 경건한 말투이다. 절판된 오자성 번역 그리스 서정시 선집이 다시 나온다면 꼭 구매하고 싶다. 절절하고 맹목적이고 낭만적인 걸 기대하고 책을 가져왔는데 아쉬움이 많이 남는다
9791161110103,2,평전이 아닌 책을 평전이라고 번역해 출간하는 것은 사기나 다름없다.
9791161110103,10,역사상 가장 예술적이며 천재적이었으며 가장 비극적이었던 브론테 자매(엄밀히 말하면 브런웰까지 포함해서 남매지만)에 대한 정보에 목마른 사람들에게는 단비와도 같은 책입니다. 덤으로 그들이 살았던 시대상에 대한 정보도 충실히 얻을 수 있어 좋네요. 브론테 가의 작품을 읽고 보면 더 좋은 책
9791161110103,10,"아랫글처럼 평전이라기보단 브론테집안 이야기+빅토리아 시대상 이야기. 매우 재밌고, 물건을 통해 브론테 자매의 작품에 대한 새로운, 혹은 상세한 해설도 덧붙이다가 마지막은 덕질로 끝남 ㅋㅋ"
9791161110103,10,브론테 자매 평전이라고 말하기는 좀 그렇고 오히려 그녀들의 유물들을 통해서 보는 빅토리아 시대상에 대한 이야기쪽에 가깝습니다. 반전은 그래서 더 재밌어요. 가독성도 좋고 부담도 없습니다. 브론테 자매들의 팬이라면 일독을 권합니다.
9791161110103,10,"평전이라고 하기에 너무 재미있어요. 하루에 하나의 사물씩 읽다 잠들고 싶어요. 폭풍의 언덕이나 제인 에어를 읽어 본 사람이라면, 오히려 작품에 대한 상상이 더욱 증폭되는 책입니다."
9791161110103,10,"폭풍의 언덕, 제인 에어 등의 아름다운 영국문학의 주인공들... 역시 유전자는 속일수 없는 걸까요? 그녀들의 자세한 이모저모를 찬찬히 잘 알려줘서 읽으면서 지루하지 않고, 오히려 즐겁기까지 합니다.한번에 읽기 아까운 느낌의 책입니다. 꼭 읽어보세요."
9791161110103,10,책이 고급스러워요. 침대맡에 두고 천천히 오래오래 읽어가렵니다.
9791161110103,10,브론테 자매의 평전이라니 엄청 기대됩니다.
9788965822394,10,리베르.... 한국사 교과서 최고득점을 받았던 출판사로 기억하는데 역시 편집에 공과 노력을 많이 들인 흔적이 역력하네요. 학습교재 특유의 ‘복사하기‘ ‘붙여넣기‘가 아닌 저자의 풍부한 경험에 따른 서술과 다정다감한 말투도 인상적입니다. 중고등학생부터 성인에게까지 유익할 듯합니다.
9791185152660,10,그림도 귀엽고 알찬 책입니다. 책 페이지상 동사의 맛의 일부 동사만 사용하셨다고 해서다음에 동사의맛도 사려구요!
9791185152660,8,"따뜻보단 서늘에 가까운, 살다라는 동사의 맛"
9791185152660,8,여기에 나온 도서관은 내가 매일같이 다녔던 곳. 반갑다.
9791195749850,10,"시에 자주 쓰이는 대표적 기법 하나씩을 다룬 시리즈 중 하나로 얇고 작은 판형, 디자인도 예쁘다. 은유는 사유의 확장이자 놀이라는 것을 일깨워주는 책으로 어려웠던 시 읽기가 한결 쉬워졌다. 이제 허공에 흩어지는 시어들을 조금이나마 붙잡을 수 있을 것 같다. 시리즈 모두를 들이고 싶은 책."
9791185393254,2,한국어와 한글도 구분 못하는 사람의 책.
9791185393254,10,어느 철학가가 이렇게 말했죠. 다른 나라 언어를 모르면 모국어도 더 깊게 이해할수 없다고요. 언어는 정말 철학입니다. 문화가 보이고 사유가 보여요
9791185393254,10,"한국말 이야기를 차분하면서 너르고 제대로 잘 다룬 이야기책을 오랜만에 만난다! 더군다나 글쓴이는 번역을 하면서 스스로 배우며 가다듬은 한국말 이야기를 들려주는데, 이를 이웃님한테 가르쳐 주기도 한단다. 한 가지 아쉽다면 글쓴이한테 번역 말투가 군데군데 남았고, 어려운 한자말을 자주 쓴다"
9791185393254,10,소설도 대학교재도 번역해 봤지만 더 많이 고민하고 배워야 한다는 점을 깨닫게 한다. 참 좋은 책이다. 내친 김에 비꽃에서 번역 출간한 디킨스 작품을 여럿 샀다. 그런데 제목이 ˝국어를 알면 영어가 산다˝로 해야 어법에 맞을 듯.
9791185393254,10,영어를 배우면서 한글을 익히는 현실이 무섭다. 하지만 각각의 특징을 비교에 한글을 되살리는 방법이 새롭다. 학계의 노력과 오랜 경험이 결실을 맺었다는 생각이 든다. 한글을 사용하며 영어를 배우는 사람 모두에게 권한다.
9788993463910,10,풍부한 단어 사용을 위해 구입합니다.
9788993463910,10,"뭐든지 잘 한다는 것은 힘들다. 우리 말을, 우리 글 문장을 바르게 쓴다는 것은 그만큼의 노력이 필요하다."
9788993463910,10,"작업량이 만만찮았을텐데 저자의 열정과 공력이 대단하다! 줄임말,비어,상스러운 언어가 생각을 오염시키고 사고 능력을 찢어놓는 21세기 대한민국에서 우리 언어를  사랑하고 제대로 쓰고 싶은 모든 이들에게 강력 추천한다."
9788936483456,10,전공책으로 샀는데 전반적인 역사를 알 수 있어서 좋았습니다
9788936483456,10,재미있고 특이한 역사서에요. 4권짜리인데 소장해 두고 읽을 만한 책입니다.
9788932028132,10,근대 한국문학사를 미학적인 관점에서 서술한 책. 후속작이 시급하다.
9791156330080,10,"소설도 백과사전이 있구나. 작품을 접하고 작가를 알고싶어서 그들의 다른 책도 읽었다. 그래서 시간적으로나 감정적으로 어려운 부분이 있었는데 이 책의 존재는 나에게 시간과 감정의 방향을 잡아주는, 그물과도 같은 책이다. 좋았던 작품들의 작가는 여기 다 걸려(?)있다.ㅎㅎ"
9791156330080,8,"줄리언 반스, 수전 손택의 인터뷰가 특히 마음에 들었다.!"
9791156330080,10,유명한 작가들에 대하여 그들의 생각과 실천하는 방법 글을 작성하는 노하우들이 잘 저술되어 있어서 좋은 것 같습니다.
9791156330080,6,위험스러 보일만큼 자유분방한 케루악과의 인터뷰 뒤로 생지옥 속에서 살아남아 인간-됨을 돌아보지 않을 수 없었던 화학자 레비의 이야기가 이어져 선명한 대조를 이루었다. 구체적 방법은 사람마다 다르지만 어쨌든 좋은 글은 안락하고 둔감한 삶을 내어주어야 그나마 바랄 수 있는 것임을 느낀다.
9791156330080,10,"과거에 제가 썼던 글에 제약을 받다는다고 생각하지 않습니다. 막말로, 제가 <플로베르의 앵무새>를 썼기 때문에 ｀톨스토이의 모래쥐｀를 써야 한다고는 생각하지 않아요. -줄리언 반스의 영국식 유머인가?<톨스토이의 모래쥐> 있으면 재밌을 거 같음."
9791156330080,10,감히작가를 꿈꾸다니
9791156330080,6,"르귄 인터뷰가 최고, 케루악은 최악이었음작가가 여성이냐 남성이냐에 따라 말투를 달리 번역했는데 굉장히 불쾌하다똑같은 영어문장이 왜 번역을 거치면서 여성작가는 부드러운 말투로 남성작가는 강한 말투가 되나?"
9791156330080,10,유명 작가들의 작법과 관련된 유용한 팁들이 본문내용 곳곳에 담겨 있는 것만으로도 충분히 책값을 합니다.
9791156330073,10,여성 독자로서 여성 작가들의 인터뷰가 특히 마음에 와닿았다. 여성 작가들의 이야기를 더 많이 듣고 싶다. 외국 작가들뿐 아니라 한국 작가들도.
9791156330073,10,"내게는 거의 최고의 자기계발서 같은 책. 보물같은 말과 생각들. 그들의 성실함, 성실함, 성실함!을 내년에는 나도 조금이라도 실천할 수 있기를."
9791156330073,10,토니 모리슨과 올더스 헉슬리 인터뷰는 몇 번을 읽어도 지루하지 않다. 우리나라에도 이런 진솔한 작가 인터뷰 책이 있으면 좋겠다.
9791156330073,10,감히 작가를 만납니다
9791156330073,10,"유명한 작가들의 일상과 생각, 작법과 관련된 흥미로운 일화들이 생생하고 다체롭게 담겨있는 인터뷰집."
9788994142319,8,그동안 심각한 논의의 대상이 되지 못해온 신소설을 바탕으로 100년 전의 한반도를 ˝사람이 살 수 없는 땅˝이라고 분석한 부분이 특히 흥미롭다. 뿐만 아니라 강한 국가권력에 대한 집착과 반지성주의 같은 ˝오래된 습관˝들의 기원도 생각해볼 수 있었다. 누구에게나 일독을 권함.
9788994142319,10,"학술서로서 약점이 여럿 있고 토론에 부칠 거리들도 부족하지 않다만, 이런저런 위험을 감수하면서 이 책이 전개하는 사유는 진솔하고 충실하다. 우리가 지금 이모양이꼴인 것은 현대한국의 직접적 전통이 되는 백여년전 한반도의 경험부터도 지적 정직과 성실로 뿌리까지 검토하지 않은 까닭 아닌가."
9788994142319,10,"고리타분하다고만 막연히 느껴왔던 한국의 근대사, 근대문학에 대해 새로운 해석을 제시한 책으로 현재의 한국인의 정체성을 다시금 되돌아 보게 한다."
9788994142319,8,정말 좋은 책. 한국인에 대해 질문을 던지다.
9788994142319,10,이 책은 최정운 선생의 10여년에 걸친 강의와 세미나 그리고 연구회에서 그 원형이 제시되고 피와 살이 더해진 노작이다. 당연히 토론과 논쟁이 뒤따라야겠지만 본격적인 응답이 없어서 아쉬울 뿐이다. 글을 남기는 것은 책임을 지는 것. <놀라웠다>는 형용사의 무책임성에 ｀놀라며｀ 글을 남긴다.
9788994142319,10,"처음 읽었을 땐 과거에 대한 책이라고 생각했는데, 읽으면 읽을 수록 현재와 미래에 관한 책이다. 그러니까, 한국인이 탄생하고 성장해온 이야기를 하고 있음이 분명하지만, 그 기저에 한국인이 어떻게 탄생해야 하는지, 직접적인 언급은 철저히 자제하면서, 독자의 변형을 꾀한다. 초고수의 책이다."
9788994142319,10,장정일의 서평(시사인)에 따르면 신소설로부터 이끌어 낸 (홉스적)자연상태의 근거로 저자가 <토지>를 끌어들인 것은 ｀신의 한 수｀다. <토지> 언급될 때 나도 강력한 힘을 느꼈지만 미심쩍다는 의구심도 들었다. <토지>에는 기존질서의 붕괴 못지않게 구질서의 틀 속에서 살아가는 인물들이 있다
9788994142319,10,"책의 바탕이 된 수업을 오래 전에 듣고  식상하게만 보였던 근 현대 한국 문학작품들을 새로운 시각으로 읽었던 경험이 아직도 생생하네요. 근현대사에 담긴 혼란스러움과 역동성, 그 속에서 형성되는 한국안의 정체성에 대해 한 번쯤 고민해봐야 한다고 생각하시는 분들에게 추천합니다!"
9788956269009,8,"멜로드라마에 대한 대표적인 이론서인 것은 부인할 수 없는 사실. 물론 우리 시대에 적합하지 않은 부분도 있고, 근본적으로 논의의 폭이 좁은 부분도 있다. 그럼에도 불구하고 이 이상의 이론서를 찾기 어렵다."
9788956269009,8,가치체계의 선명한 이분법과 과장된 연극적 재현이 어떤 점에서 사람들을 매혹시키는지 19세기 소설들을 통해 역사적 맥락에서 흥미진진하게 밝힌 (다소 늦게 도착한) 고전. 드라마라는 통속 장르가 인기를 끌 수밖에 없는 이유에 대한 전통적인 답변이기도 하다. 다만 번역이 수월하게 읽히진 않는다.
9788993741100,10,어디가서 부역하고 이런 것보다 민족 정신을 더럽힌 게 더 큰 죄다. 그 십새끼들의 역사를 면면히 살펴본다.
9788993741100,10,이건 꼭 사서 봐야할듯..요욕의 역사....감추려고하지말고 모두 봐야할듯...중고생 필독.....
9788993741100,10,<한국민의 역사 건망증에 자극제가 되기를 소망하거니와 이러한 소망은 일본에 대해서도 마찬가지이다>라는 말씀을 생각하며 구체적인 증거로 양심적으로 탄탄하게 입증하는 책이라고 믿고 읽었다.
9788994006604,10,"지식을 얻기 쉬어지는 시대에 중요한 것은 짜임새 있는 이야기를 만들어야 한다. 이 책은 이야기를 어떻게 구성해야 하는지를 소설, 영화, 민담을 들어서 설명하고 있어서 이해하기 쉬었다."
9788994006604,10,생초보가 요즘 구상하는 이야기 구조를 풀어나가는 데 도움이 될 것 같습니다.~^^
9788932023083,10,맥락을 잘못 잡으면 한없이 오해되거나 한없이 어려울 수 있는 책이다. 먼저 니체의 '강자' 개념을 늘 떠올리며 읽어보라. 그리고 서문에서 '근대 이후의 모든 인간은 셰익스피어의 문학에 의하여 창조되었다'는 명제를 숙지해보자. 인간이 문학을 만든 게 아니라 문학이 인간을 만들었다는 것.
9788997889006,8,"읽었던 책이라면 더 깊이 알 수 있어 좋고, 읽지 않은 책이라면 관심이 생겨 좋다. 다른 책들과는 다르게 마지막에 문학론에 관한 챕터를 넣어 더 눈길을 끌었다. 처음 알게 되는 내용이라 주의 깊게 읽어봐야 했다."
9788997889006,8,좋다 좋다 좋다... 다 기억하고 이해하지는 못하지만 세계문학을 다시 읽게 되었으니 그것으로 이 책을 읽은 보람이 있다. 어떻게 ｀해석｀할 수 있는가 하는 것은 전문가들에게 맡기고 내 독서를 좀 더 풍성하게 할 수 있는 이런 책이 너무 좋다.
9788997889006,8,"고전에 대한 친절한 지침서라는 것도 좋지만, 로쟈라는 이름이 갖는 도스또예프스키에 대한 애정과 열정을 확인할 수 있었던 점도 기뻤습니다,."
9788997889006,6,"뭐야, 새로 나온 책과 작품목록이 겹치네요.ㅠㅠ 햄릿 파우스트 돈키호테 엄청 좋아하시나보네..ㅠ"
9788997889006,10,"로쟈 님은 잠도 안 자나 보다. 그 많은 책을, 게다가 그리도 정독, 탐독할 수 있다는 게 부럽고, 도 내가 부끄러워진다."
9788997889006,8,여러 곳에 기고한 글을 모은지라 유기적 구성이 조금 아쉽지만 세계 문학 읽기의 충실한 안내자임은 분명하다. 저자가 러시아 문학 전공자이니 만큼 그의 본격적인 러시아 문학 강의를 기대한다.
9788997889006,10,"로쟈님의 서평은,,,그 중에서도 문학에 관한 것이라 무조건 구매했습니다.
좋네요..."
9788997889006,10,로쟈님의 내공을 빌어 세계문학을 제대로 읽어보려고 구입했습니다!
9788997889006,10,로쟈의 책은 묻지도 따지지도 않고 구입한다. 왜?믿으니까.
9788926832738,8,"잔다르크는 비록 우리나라 사람이 아니지만 죄 때문에 화형을 당한 유명한 사람으로 알고 있다.
참으로 불쌍하다. 아무튼 책도 줄거리가 잘 짜여져있었고, 잔다르크에 대한 여러 기사들이 많아서 좋은 책이였나 싶다. 잘 읽었어요^^"
9788991931909,8,작가와 작품을 들었다 놨다 하는 비평이 무척 재밌다. 소위 주례사 비평이 아니어서 그런가 보다. 보관함을 살찌우는 나쁜 작은 책.
9788991931909,8,공포문학 연대기를 읽는 기분으로 짧은 분량안에 여러 작품 소개와 함께 양상을 소개한다. 매끄럽게 잘 읽히진 않는다. 사실 몇 유명한 작품을 제외하고는 모르는 작품 태반으로 그거 읽는 재미는 있다. 알고 읽으면 더 재미있겠지?
9788991931909,8,20세기 초 이전의 공포 문학(소설)에 대한 감상과 소개 정도로 보면 되겠다. 마니아나 관계자(?)가 아니면 읽어도 별 소용 없겠다. 영어식으로 한글 문장(?)을 만든 번역이라 읽다가 탁탁 막힌다.
9788991931909,10,문고본 치고 너무 훌륭하잖아! 커피값으로 홀짝!
9788991931909,8,초등학교 때 학교 문고에서 읽었던 표지없는 공포소설은 분명히 러브크래프트에게서 영향을 받은 것일 거야..
9788991931909,10,당장 지르고 싶은 책이다!!!
9788960781344,10,좋아요.
9788970128603,8,시 창장 수업용으로 구매를 합니다. 제자들과 함께 이 도서로 공부합니다. 훌륭한 책입니다
9788970128603,10,현대 시의 이해 ㅠㅠ
9788955567526,10,역시 로지. 넘 재미있게 읽은 책. 프랜신 프로즈 책도 추천
9788926807743,6,이론서 치고 왠지 잘 읽히는 책. 소설 관련이라 그런가.
9788990828484,10,보르헤르를 모르는 사람도 있나?
9788990828484,10,보르헤스의 문학을 말하는게 잼있엇다
9788990828484,8,눈 먼 상태로 대본없이 강의를 하는 그의 본좌급 기억력과 문학 사랑이 존경스럽다
9788901079141,10,"계단에서 발을 한칸 내딛고, 다른 발도 그 발과 같은 칸에 딛는다. 또 한칸을 내딛고 다른 발을 같은 칸에 내 딛는다. 그렇게 빨리 내려오려고 하는 나를 보고 우리 엄마는 ˝니 뭐하노?˝ 하며 손을 잡아끄셨다. 작가가 고래다리 열쇠 이야기 할때 그 기억이 떠올라서 빙긋 웃었다. 이따 해봐야지."
9788901079141,8,소설가가 소설가 지망생에게 알려줄 수 있는 모든 것
9788901079141,8,연필로 고래가 아니라 세상을 때려잡을 수도 있을 것만 같다.  글쓰기가 막막할 때 친구 삼고 싶은 책.
9788901079141,10,이만한 실용서가 또 있을까 정확히 ｀실용｀의 의미로써 내 생애 가장 쓸모있는 책이다
9788901079141,4,난 잘 모르겠음...
9788901079141,10,내게 있어 미분과 적분같은 것들이 누군가에게는 시와 소설이었다는 걸 이제 알았다우.
9788901079141,8,그 누가 겐이치로를 욕하리! ｀술렁술렁｀ 넘기다가 ｀낄낄낄｀ 책장을 덮으면 짠-한 여운이!
9788901079141,10,글쓰기에 대한 나의 고리타분한 생각을 어느 순간 유연하게 바꿔버린다. 소설가들이 권하는 글쓰기책.
9788901079141,10,얇고 여백도 많지만 내용은 진합니다. 이 책만으론 글을 잘 쓸 수 없습니다. 하지만 글쓰기가 무서울 때마다 이 책은 위안이었습니다. 글쓰기를 관두지 않는 게 글쓰기를 잘 쓰는 유일한 방법이라고 봅니다.
9788901079141,8,"글쓰기에 대한 구체적인 조언보다는 어느 창작가의 아름다운 내면을 들여다보는, 귀한 책."
9788901079141,8,소설쓰기라기보다는 소설에 대한 책
9788901079141,6,별로. 연필로 멸치 정도는 잡을 수 있겠다.
9788937425752,10,엄마는 읽는 내내 웃으셨다. 나도 덩달아 보고싶을 정도로^^
9788954602174,8,로맹 가리의 삶을 살짝 엿볼 수 있는 책이다.
9788954602174,10,"로맹 가리. 한 사람의 소설가이자, 동시에 하나의 소설 그 자체와도 같은 삶을 산 사람."
9788991706026,10,제목을 보고 문예비평을 기대했던 나 같은 독자로서는 다소 당혹스럽거나 실망스러울 수도 있다. 문예비평보다는 사상가로서 저자의 면모가 두드러지기 때문이다. 역주가 다소 소홀하다는 인상이 있었는데 흥미롭게 읽히는 역자후기가 이를 상쇄한다.
9788991706026,6,"한국의 학생운동의 저하가 문학의 종언을 가져왔음을 암시하고 있으며 문학의 종언 현상은 세계적인 현상임을 설파하고 있다. 나머지 부분은 대담으로 이뤄져 있고, 눈에 띄는 것은 폴드만과의 관계였으며 그의 정신적 아버지로 여기고 있음이 독특했다."
9788991706026,10,"고진은 문학이 네이션의 기반을 형성했던, 도덕적/지적 책임을 떠안은 시절이 있었다고 본다. 근대문학의 종언이란 문학의 책임이 가벼워지고, 대학과 국가라는 보로매오의 매듭에 갇힌 현 상황을 요약하는 말이다. 이 테제와 정면대결하지 않고서는 앞으로 문학이니, 창작이니를 논할 수 없을 것이다."
9788991706026,10,근대문학의 종언 자체는 매우 얇은 팜플렛정도 됩니다. 후반부는 담론형식으로 구성되어 있고 국가=네이션=자본에 대한 이야기입니다.
9788991706026,10,"문제의 그 책이군,,"
9788991706026,10,읽고 있는 중인데 진짜 괜찮네요
9788935652525,8,의외로 쉽고 재밌다. 문학비평이론에 대해서 부담없이 읽고 익힐 수 있다.
9788935652525,10,이 책을 읽는데는 인내와 메모장이 반드시 필요하다. 매 장을 숙독하며 정리하지 않는다면 ｀프라이｀ 되는 것은 시간 문제다. 거대한 지성이 만든 해석을 위한 개념형 앞에서 길을 잃지 않으려면 천천히 읽어야 한다. 이 책의 한 챕터만 책으로 써낼 수 있어도 위대한 학자소리들을 수 있을게다.
9788935652525,10,사고의 지평이 넓어진다
9788974110215,10,현대소설을 어떻게 하면 더 잘 이해할 수 있을지를 친절하게 설명하네요 좋아요
9788932008561,10,"문학이 읽히지 않는 분들께, 왜 문학을 읽어야 하는지를 느끼면 문학이 좀 더 잘 읽힙니다. 이 책이 도움이 될지 모르겠습니다만, 그 문제를 훌륭하게 다루는 책입니다."
9788932008561,10,"진지하고 깊은 책. 하지만 정신적 소작에 가격을 매기는 문제는 더 나아가야. 문제는 pricing 자체라기 보다는 그 가격이 창작의 기회비용-산고-질을 고려하면 비합리적으로 매겨지며, 자본의 ｀대｀논리 아래 대중의 취향과 정신적 소작의 가치가 분리되도록 조장되는 것은 아닌지?"
9788980380527,10,체계화된 구성으로 세세한 부분까지 놓치지 않고 따라갈 수 있도록 한 배려에 감탄!
9788980380527,10,교대 국어교육론 수업때 교수님이 추천해주신 책입니다. 유익할것 같아요.
9788980380527,10,책 구성이 조금 어렵기는 하지만 기본서로 볼 수 있는 것 같아요
9788964361863,10,소중한 문제의식으로 반짝반짝 빛난다.
9791159055560,10,"방대한 분량에 놀라고, 그곳을 직접 다 다니고 사진으로 찍었다는 것에 더욱 놀란다.하루 이틀에 쓰여진 책이 아닌 정성이 느껴지는 책이다.문학의 흐름과 함께 공간이 주는 느낌이 좋은 책."
9791159055560,10,책 속에 소설속의 장소를 사진으로 담아서 재미있어요.
9791159055560,10,한국 현대문학의 흐름이 정리가 되면서 나랏말까지 빼앗겼음에도 숨어서 우리문학을 해낸 작가들에게 존경심과 가슴 뭉클한 애정이 샘솟는다 저자가 5년여를 누비고 다니며 찍은 진솔한 사진들은 친근감과 평화로움 우리땅에 대한 자부심을  준다
9791160804058,10,"오감과 상상력으로 시를 읽어내는 지은이의 설명을 듣고 무릎을 친다. 우리말을 귀신같이 부려쓴 시인들의 시인, 백석의 온 한 마리 시 모두(101편)를 토박이말 연구에 평생 힘써 온 학자가 따뜻하고 섬세하게 풀이해 준다. 시에 담긴 1900년대 초반 우리 민족의 삶과 정서를 오롯이 이해하고 우리말로 쉽고 명확하게 슬슬 풀어내는 것이 그야말로 화사한 말꽃이 피어난 느낌이다."
9791160804058,10,"조금씩 마음에 담으면서 읽어야 한 편 한 편의 시들과 그 풀이를 제대로 느낄 수 있을 것 같은 책입니다.  우리가 잘 알지못하는 토박이말과 전통, 사라진 것들에 대한 풀이가 매우 소중하게 와 닿은 책입니다."
9791160804058,10,"김수업지은이께서  순우리말과 방언 뜻 백석시인의 시의 구조 배경 풀이를 해 놓으셨다.  교육자이셔서 그런지 친절한 강의를 받는듯 즐겁기도 하고, 무엇보다 접해보지 못한 백석시인의 시들을 읽으며 40년전 나의 외딴 외갓집에 저녁과 밤을 느낄수 있어서 행복했다."
9791160804058,10,따뜻한 선물 같은 책입니다. 하루하루 아껴 읽고 음미합니다.
9791161658964,8,요새 랜선 모임이 많은 것 같은데 ‘거장‘ 이라고 하니 조금 거리감이 느껴지기도하지만 독서모임이 기대는 되요
9791161658964,10,대학에서 영문학을 전공했었고 한동안은 고전 작품을 여러 권 읽기도 했었는데 지금은 그렇지 못해 조금 부끄러운 느낌이 들어요. 이 책을 계기로 다시 문학을 좋아했던 그 시절의 나로 돌아가고 싶네요. 랜선 독서모임도 기대됩니다.
9791161658964,10,대문호들의 글을 이렇게 하나씩 곰씹어보면서 알아가는것. 그 자체만으로도 좋습니다.
9791161658964,10,매일 곱씹어 볼만한 문장들을 쌓으며 이로운 랜선 독서모임이 되기를 기대합니다.
9791161658964,10,재미있을 것 같습니다.
9791161658964,8,점심시간에 1~2 편 가볍게 본다는 생각으로 보고 있어요. 짧은 시간에 잠시 머리식힌다는 느낌으로 보기 좋습니다.
9791161658964,10,마음을 매어둘 어떤것이 필요한데 이 책이 그럴거 같네요.
9791161658964,8,생텍쥐페리는 정말 좋아하는 분인데 이 책에 어떻게 나왔을지 기대되네요
9791161658964,8,평소 관심있었지만 쉽게 접근하지 못했는데 많은 도움이 될것 같아요
9791161658964,10,기대됩니다. 책소개가 소장욕을 부르네요
9791161658964,10,"책을 매번 읽다보면 좋은 문장은 꼭 남기 마련인데, 그런 문장들을 하나하나 볼 수 있어서 좋으네요. 읽다보면 이 책도 읽어봐야 겠다는 생각도 들고 그러면 많은 내용의 책을 읽어볼 수 있겠죠?"
9791161658964,10,세계적인 30인의 작가를 만날 수 있는 책이라니 기대가 되고 길게 나온 책이 아니라 짧게짧게 교양을 쌓을수도 있을 것 같아요
9791161658964,10,한장 한장 새로운 누군가를 만나는 느낌으로 넘기게 됩니다
9791161658964,8,"저는 이렇게 추천해주시는 책, 누군가 호평한 책들을 찾아 봅니다, 때론 별감흥이 없던가,  떄론 와! 좋다 합니다. 그렇게 좋아하는 작가님이 생기고 그렇게 다른 작품을 감상하게 되지요, 한번에 여러분의 작가님을 만나 또 다른 제 취향을 만들어 볼까 합니다^^"
9791161658964,10,온라인으로 모인다니 궁금해져서 구매하려구요
9791161658964,10,세계적인 거장의 문장을 하나하나 곱씹고 음미하게 해줄 책이네요. 이중 생텍쥐페리를 가장 좋아합니다. 이 책 하나로 교양으로 알고 있으면 좋을 만한 거장들을 접할 기회를 줄것같아요. 랜선 독서 모임은  사회적거리두며 함께하는 독특한 아이디어라 참신해보입니다. 기회가 되면 참가하고싶네요.
9791161658964,10,옛날엔 유명한 문장은 수두룩하게 외웠는데 세월에 장사없네요 ㅎ 책으로 간직하며 되새겨야 겠어요~
9791161658964,10,책을 읽은 후에도 오래동안 기억속에 남는 문장이나 장면들이 있습니다. 좋은 글들은 랜선 독서모임을 통해 나늘 수 있는 좋은 시간을 만들어줄 수 있는 책이네요^^
9791161658964,10,여러 작가들의 글들을 만날 수 있어서 좋네요. 랜선 독서모임에서 여러 명이 자신의 취향에 대해 이야기 하기 좋을 것 같아요
9791161658964,10,하루 한 작가를 만나는 느낌이 꽤나 좋습니다. 문학과 소설을 특히 많이 접하지 않았던 저에게는 유명한 작가들의 생애와 작품을 짧게나마 느껴볼 수 있어서 좋았습니다. 추가로 작품을 찾아보거나 작가에 대해 더 알아보고 싶게 만드는 점은 장점이자 단점이네요 ㅎㅎ
9791161658964,10,"문학 애호가가 아닐지라도 한번쯤 이름은 들어봤을 법한 거장들!거장의 삶을 들여다보는 것이 흥미롭습니다. 가볍게 술술 읽히면서도 생각할 거리를 던져주는 충실한 내용, 적절한 사진들, 거장의 명문장이 따로 정리되어 있는 점도 좋구요. 앞으로 더깊이 작품을 이해할수있을거같아요♥"
9791161658964,10,"단순히 명언만 나열한 책이 아닌, 명언과 더불어 작가/시인의 사상과 철학을 엿 볼 수 있어서 좋았다. 목차에 있는 위인들은 우리가 익히 알고있는 명사이기 때문에 한번쯤 그들의 도서를 보기 전/후에 참고하면 좋을 것 같다. 그들에게서 지혜로운 교훈과 감동을 얻길 바란다."
9791161658964,10,"코로나에 지쳐 힐링 삼아 읽기 시작했다. 지겨운 육아서 대신 가볍게 읽어볼까했는데, 기대 이상이다. 매일 설렌다. 매일 1명씩 1챕터만 읽고 있다. 거장들의 드라마틱한 삶에 푹 빠졌다. 내게 이 책은 마인드맵의 중심 박스가 될 듯하다. 이 책을 출발점으로 쭉쭉 뻗어가고 싶다. 명작의 숲을 향해"
9791161658964,10,"거장이라고 불리는 작가들도 어쨌든 우리와 같은 한 명의 인간이었음을, 그러나 그들의 말은 지금까지 남아 이렇게 울림을 주네요. 삶의 지표로 삼고 싶은 문장들의 향연입니다. 침대 맡에 두고 날마다 들춰보고 싶은 책이예요."
9791161658964,10,"매일 매일 소개팅하는 기분으로 작가님 한분한분 만나다보면 한달이 금새. 서른 명의 작가, 10페이지 분량. 읽고나면 작가가 쓴 작품을 찾아서 보고 있는 자신을 발견하게 될거예요. 이른바 ‘2차 독서 장려‘하는 책이랄까요? 기분 좋은 낚임!!"
9791161658964,8,"1일 1문호, 한달간 한 작가의 삶과 문학세계 엿보기! 소설가와 시인의 성장과정과 그 속에서의 작품탄생 비화에 대한것,거장들의 말과 글 소개도 되어있어 작품에 대한 흥미를 불러일으키고 익히 들어봤던 명언들은 누가 했는지 정확하게 알수 있는 계기가 되었다. 문학이 주는 이점을 느낄 수 있는 책"
9791161658964,10,거창하게 작가의 사상이나 작풍부터 알아볼 필요는 없습니다. 좋아하는 문장 한줄이라도 하나씩 읽다보면 어느새 당신도 문학을 사랑하는 이로서 자격이 충분할 겁니다. 이 도서도 이후에 이루어지는 랜선모임도 마찬가지로 응원합니다.
9791161658964,10,세계적 거장들이 한 자리에 모인 것 같은 책이네요. 좋아하는 작가님의 글부터 읽어봐야겠어요. 기대됩니다.
9791161658964,10,좋아하는 작가들의 문장을 한 군데에서 만날 수 있다는 게 매력적인 것 같아요. 하루에 한 명씩 만날 작가들이 기대되네요.
9791161658964,8,세계적인 거장들의 작품을 매일 한 권 씩 만나볼 수 있습니다. 랜선 독서모임 무척 기대됩니다.
9791161658964,10,"명작들이 참 많은데, 그 중 자신의 입맛에 맞는 책을 찾는 건 참 어렵더군요.이 책을 통해 방대한 지식을 깨닫기는 어려울 수도 있지만, 거장들의 문장들과 생애를 보고 나에게 맞는 명작부터 시작할 수 있는 좋은 계기가 될 수 있을 것 같아요. 랜선 독서 모임하며 더 배워가겠습니다!"
9791161658964,10,랜선독서모임 응원합니다! 거장들과의 독서모임이라니 기대되네요. 거장들 책에 빠져 코로나19 시름 잊고싶은 요즘이에요!
9791161658964,10,요즘 아름다운 문장을 공유하고 함께 음미하는 컨셉의 책들이 많은 것 같아요. 이런 책들의 매력은 하나의 책으로 여럿의 아름다운 세계를 공감할 수 있다는 것이죠. 표지부터 너무 클래식하고 마음에 듭니다. 기대가 되는 책이네요.
9791161658964,10,"고전의 즐거움으로 이끌어 줄 문장들, 기대됩니다^^"
9791161658964,8,고전 명작을 읽기 부담스럽다면 이 책으로 먼저 접해보면 좋은 것 같습니다
9791161658964,8,거장들의 문장을 한권의 책으로 만날 수 있습니다
9791161658964,10,좋아하는 작가 한 명쯤좋아하는 작가의 한 문장쯤마음에 품게 될 것이라는...기대가 됩니다.
9791161658964,10,ㅎㅎ이 책 오프라인에서 보고온라인에서 구입했어요~~잠깐 읽어 보니 30명의 세계 문호들의 비밀스런 이야기 그리고 그의 명언들까지하루 한 편씩 읽도록 구성되었더라구요문학에 조예가 깊지 않은데한 권으로 알차게 얻어갈 수 있겠다 싶었어요!배송 기다리고 있는데 기대합니다♥
9791161658964,10,세계적인 거장을 만나는 낮은 문턱. 이라는 말이 정말 와닿습니다. 혼자 넘기는 힘들어도 랜선 독서 모임으로 함께 하면 서로 의지도 되고 힘도 불어넣어줄 수 있겠네요 :)
9788974185930,4,이 책을 끝까지 다 읽으신 분들이 계시다면 정말 존경의 맘을 전합니다.
9788974185930,10,많이 두껍긴 하지만 랑시에르 자신의 저서와 프랑스 영화의 전성기에 대해 이야기하는 귀중한 책
9791187011514,10,"많은 분들이 알고 계시겠지만, 헤르만 헤세의 자전적 이야기. 내 삶의 한 부분과 유사한 부분이 있어 불혹을 넘긴 나이지만, 읽다가 눈물을 훔칠 수 밖에 없었다. 소년에서 청년에 이르는 그 이야기가 많은 사람들이 공감할 수 있는 한 부분이라 고전 중 고전으로 볼 수 있다고 본다."
9791187011514,10,"아직 한국의 교육 시스템은 빌헬름 제국 때와 비교해도 그 때랑 다를 것 없이 비인간적인 것 같다는 생각이 들었고, 한편 첫 사랑의 떨림은 예나 지금이나 똑같이 달콤한 듯 하다."
9791196254629,10,"이순신 장군의 칼날 같은 날카로움으로 서정주의 시가 그 출발부터 얼마나 기회주의적이었는지, 얼마나 바보 같은 자기 배반 노예적 근성의 문학이었는지, 그리고 그런 그의 글들이 어떻게 과대 포장되어 우리 문학사를 오염시키고 있는지를, 날카롭게 낱낱이 파헤치는 김상천의 글이 있다."
9791156332480,10,"1,2 권 구입 후... 3권까지 구입 완료"
9788950980399,10,클래식 클라우드 시리즈를 좋아합니다. 막연하게 알고 있다고 생각했던 인물에 대해 더욱 자세히 알게 되고 더 알고 싶어지는 계기가 되기 때문이지요. 이 책도 그렇습니다. <설국>을 읽고 ‘안다‘고 자부했던 가와바타 야스나리에 대해 더욱 자세히 알게 되었고 더 알고 싶어졌습니다.
9788950980399,10,"이제야 설국을 제대로 읽을 거 같다. 나이 먹는다는 거, 늙는 다는 거, 시간이 흐른다는 거 꼭 나쁜것만 아니란걸 알게된 시점. 이런 감정은 앞으로 있을 변화에 대한 두려움을 맞서게 한다. 이런 시점에 다시 만난 설국. 설국을 이해하게 해줄 가와바타 야스나리. 나도 기차를 타고 국경을넘는다."
9788950980399,10,이 책을 읽고 세마디 정도 할 수 있었다.나는 가와바타 야스나리의 생을 엿보았다.나는 가와바타 야스나리에 대해 더 알고싶다.읽을 책이 늘었다.
9788950980399,10,일본의 아름다운 자연과 야스나리 작가의 작품이 탄생되기까지의 영감을 주었던 지역의 발자취를 따라다니면서 힘든 현실과 달리 마음에 안정을 주는 책입니다. 세상이 온통 흰색 눈으로 덮힌 하얀 세상에서 작가가 느꼈던 감정들을 우리들도 느꼈으면 합니다. 아름다운 책입니다.
9788950980399,10,내용이 궁금해지는 책이네요. 다음 시리즈도 기대됩니다.
9788950980399,10,헉 가와바타 야스나리 팬인데 기대기대
9788950980399,10,오오 가와바타 야스나리라니!!! 기대해 봅니다.
9788950980399,10,표지 그림이 너무 이쁘네요~ 아직 읽기전이지만 첫느낌부터 마음에 들어요~ 빨리 책 받고싶어서 읽고싶어요~
9791187373841,10,"오늘-여기를 살아가는 한 명의 시민으로써 일독을 권한다. 지금까지 ‘정상‘이라고 믿었던 아니, 믿는다고 인지조차 하지 못했던 것들의 정상성에 의문을 던진다. 이로써 삶 자체가 흔들리는 경험을 하게 된다. 그게 두려워 저항하는 쪽을 택한다면 당신도 꼰대 소리를 들을 날이 얼마 남지 않은 것."
9791187373841,10,오혜진 님 정말 똑똑하시고 친절하시고 글도 잘 쓰시고.. 반했어요
9791187373841,10,처음부터 끝까지 뇌의 많은 부분이 이리저리 운동하는 그런 좋은 느낌으로 읽었다. 나의 지적 호기심도 충족해주고 문화 생활을 위한 여러 텍스트들도 소개해줄 뿐 아니라 비평을 보는 재미도 쏠쏠했다. 책에 나오는 한국 문학-거의 읽은 게 없다-을 모두 읽고난 후 이 책을 또 다시 읽고 싶다.
9791187373841,10,"좋은 비평이 왜 필요한지, 제대로 된 문제의식을 어떻게 다루어야 하는지 보여주는 속시원한 책. 그동안 곱씹던 답답함을 명쾌하게 두루 짚어준다. 내내 기다려오던 바로 그 작업!"
9791187373841,10,사거나 읽지도 않고 테러를 위해 남긴 별점들 사라져서 다행이에요. 오늘날의 한국 문학/문화를 다양성의 렌즈로 독해하는 데 좋은 길잡이가 될 시의적절한 책. 이런 평론을 쓰는 사람이 더 많아졌으면.
9791187373841,8,"그의 주장에 동의할 수도 있고 그 반대일 수도 있을 테지만, 이 두툼한 책을 읽는다는 것이 매우 훌륭한 대화를 나누는 행위가 될 것이라고 말할 수는 있다. 우물쭈물 하지 않는 것이 매력이었다. 하기사, 하고자 하는 말이 분명한데 머뭇거릴 이유가 없지 않나."
9791187373841,10,한국문학은 달라져야 합니다.
9791187373841,10,정말 책 산 사람들만 별점 남기게 해야 됨. 페미니즘은 커녕 지성이라고는 1도 없는 인간들 별점 테러 극혐
9791187373841,10,헐 문부문 오혜진 작가님 책!!! 무조건 구매각.
9791187373841,10,믿고 보는 오혜진샘 글이라 기대됩니다. 읽지도 않고 별점테러 하는 사람 어이없음;;
9791187373841,10,책 아직 출고도 안됐는데ㅋㅋㅋㅋㅋ심지어 문학 비평책에 페미니즘이라고 버튼 눌려서 부들거리는 거 보니 참 그 인간들 멘탈 약하다.
9791187373841,10,별점테러는 하지 맙시다....
9791187373841,10,‘페미니즘‘이라는 단어만 나오면 버튼 눌려서 읽지도 않고 별점 주는 반페미전사 때문에 별점 주고 간다. 아예 별점 제도가 없었으면 좋았겠지만.
9791160021851,6,"영화 글쓰기의 주안점은 기본적으로 많이 알아야 한다. 영화산업, 감독, 역사, 이론 등등..기본적으로 영화를 사랑해야 될 수 있는 경지이다. 플러스해서 다양한 분야에서 해박한 지식, 그리고 미칠듯이 써서 남겨둔 메모. 모든 글쓰기의 팁이 아닐까."
9791160021851,10,"글을 좀 더 잘 써보고 싶다는 욕구와 영화에 대한 관심으로 인해 집어들게 된 책. 그런데, 기대보다도 더 글쓰기 능력 배가에 큰 도움이 될 것 같다! 게다가 우리에게 익숙한 영화(글쓰기)에 대한 예시로 인해,  더욱 흥미롭게 읽을 수 있고 이해도 쏙쏙 잘 된다. 재미나고도 유익한 책. 강추!! ㅎㅎ"
9791156332176,10,(차례 /15장/ 페이지 넘버 맞지 않습니다.)책도 이쁘고 구성과 내용 모두 좋아요!!
9788950976651,10,100자의 나머지를 별로 채워야한다.
9788950976651,8,"읽을수록 헤밍웨이라는 사람에 대한 나쁜 감정이 든다.  프랑스, 이탈리아, 스페인, 플로리다, 쿠바를 넘나드는 즐거운 책의 여정이지만 이 작가만큼은 정신적인 문제가 심각했던 것 같다. 역설적이게도 그 덕분에 그런 작품들이 나왔을 것이지만."
9788950976651,8,이 책을 읽고 헤밍웨이 책들에 다시 흥미를 가지게 되었고 재독하게 되었다. 좋은 가이드가 되었다.
9788950976651,10,"세상 마초적인 헤밍웨이, 전쟁에 참여하고 불의에 항거하고 마지막 여생을 마무리했던 쿠바의 뜨거움을 닮은 그의 작품과 여정을 좀 더 자세히 알게 된것 같아 다른 시선으로 헤밍웨이를 바라보게 되는 계기가 되었어요"
9788950976651,10,좋아하는 백민석 작가의 시선으로 헤밍웨이를 따라가는 여정은 놀랍도록 촘촘하고 꼼꼼하다. 헤밍웨이 책들을 다시 찾고 싶다.
9788950976651,10,"놀랍도록 흡입력 있는 책이다. 가독성이 뛰어나 하루 만에 다 읽었다. 작가와의 만남이 있다면 참석해보고 싶다. 책만큼 유쾌하실 듯.. 책에 나온 헤밍웨이의 에피소드들은 정말 골때림ㅋㅋ 내가 아는 명작을 쓴 작가가 맞나, 라는 생각이 들 정도ㅋㅋㅋ 헤밍웨이의 진면목(?)을 알게 해 준 고마운 책!"
9788950976651,10,클래식클라우드 시리즈는 나올 때마다 감탄사가 나올 지경. <헤밍웨이> 표지도 너무 예쁘고 술술 잘 읽힌다. <노인과 바다> 다시 읽어봐야지.
9788954651752,6,"강연과 기고문? 형태의 글이어서 특유의 제발트식 글쓰기의 정치함을 즐기기엔 조금 부족한 듯하다. 하지만 그의 문제의식이 그 어느 글보다 직접적으로 드러난 작품들이기에 좋은 사료로 보이고, 그의 육성까지 상상할 수 있게 한다."
9788954650939,10,"삼일 동안 아끼며 읽었다. 좋은 문장을 적어 두려다가 많아서 이내 포기하고. 작품 전체가 ‘시‘인데 아름답다는 의미에서만이 아니라 시시각각 흐르는 의식의 미세한 결들을 정확하게 표현해낸다는 점에서. 함께 그곳을 여행하고 그 책을 읽는 기분. 에세이란 장르, 이런 높이까지 이를 수도 있구나."
9788954650939,8,빈 해변가를 바라보는 기분이 들게 하는 책. 한두 사람이 막 지나간 뒤인지도 모르고 곧 누군가 도착할 텐데 아무도 없다고 섣불리 생각하고 있는지도. 반대로 번잡한 전시장으로 들어가면 온통 침묵인 공간과 작품들을 마주하는 것과 비슷하다고도.
9788954650939,10,살까 말까 고민할 필요 없는 작가입니다. 무조건 읽으셔도 됩니다. 문학이 취향이 돼버린 때조차 현실보다 숭고한 것을 떠올리게 해줄 작갑니다.
9788950974107,8,"아는 만큼 보인다는 말을 실감했다. 처음의 몇 작품, 그리고 영국에서의 이야기는 그런대로 이해할 수 있었지만 더 넓은 곳을 다니면서 희곡의 무대를 따라가니 점점 더 어질어질 정신이 없었다. 좋은 시리즈. 현대적인 의미를 찾아 확대와 재생산의 반복으로 더욱 위대해지는 듯."
9788950974107,6,문학과 음악의 차이인지 저자의 성향인지는 모르나 모차르트 편에 비해 사적감정과 감상이 많이 섞여 (개인적으로는)아쉬움이 있다. 셰익스피어의 상대적으로 덜 유명한 작품을 읽지 않은 스스로의 문제 덕에 어리둥절한 한편 셰익스피어 글을 더 읽고 싶어졌다.
9788950974107,10,책 속에는 온통 글쓴이의 잔잔한 감정들이 묻어있다.언제나 문학 기행은 나를 설러게 해 줌과 동시에 일상에서의 일탈을 꿈꾸게 해 나를 고뇌에 빠지게 만든다!!
9788950974107,6,쉽게 읽혀지지 않는 난해한 내용~
9788950974107,10,"어릴 적 부터 내가 제일 좋아했던 셰익스피어거장의 인생에 대한 여행을 직접 떠난 이 이야기를 내가 감히 어찌 리뷰를 남길 수 있겠나 싶지만, 이 시리즈는 분명 엄청난 소장가치가 있을 것 같다"
9788950974107,10,무조건 소장각...! 책도 넘 이쁘고 내용도 알차서 대만족...!!!
9791160200409,10,"카프카 전집에 이어 오늘의 카프카를 있게 만든 막스 브로트의 <나의 카프카>까지 주옥 같은 책들이 한 출판사에 의해 완간됐다. 대단한 뚝심이다. <나의 카프카>에서는 절친 브로트와의 우정과 카프카의 문학관, 그의 실존주의 철학까지 속속들이 살필 수 있다. 카프카는 반드시 넘어야 할 산이다."
9791159252891,10,<누구를 위하여 종은 울리나>를 읽으며 스페인 내전이 궁금해 오웰의 <카탈로니아 찬가>를 읽었다. 그 후 몇 편의 소설을 거쳐 평전까지 이르렀다. '삶과 글의 일치!' 모든 권력에 대항하는 글들은 오웰을 가난과 영원한 야인으로 만들었다. 하지만 이것이 오웰이 지금도 읽히고 이유가 아닐까!
9791159311369,10,"이 책을 읽고 드디어 완독을 ‘결심‘했다. (이번엔 정말로...) 아직 주변에 『잃어버린 시간을 찾아서』를 완독한 사람이 없는데, 내가 그런 지인이 되어 주겠다. ^^;"
9791159311369,10,이 책 《프루스트와 함께하는 여름》은 《잃어버린 시간을 찾아서》를 읽기위한 자극과 함께 가이드북으로 손색이 없다.
9788979190137,4,"내용은 평이. 번역이 심하게 어색하지는 않으나 일본어의 속담이나 관용어를 직역한 곳이 몇 군데 있고, 국내에 아무리 팬이 적다지만 작가가 언급하는 히라이 카즈마사 등의 다른작가를 언급하는 부분의 번역은 더 흔들렸다. 원어가 어떤지는 모르나 '공상과학'이란 번역도 유감이다"
9788970129686,10,"선생님, 생명 불어넣어주셔서 감사합니다!"
9788983718518,8,"문학소녀 전혜린을 만나지 않았더라면 그토록 책을 열심히 읽지는 않았을 거 같다. 시대의 아이콘으로 탈바꿈한 위대한 여성 전혜린, 한국의 첫 여성 독문학자였고 아이에게 끝없는 사랑을 퍼부었던 엄마였으며 끝없이 현실과 이상 사이에서 널뛰기를 하면서 길을 만들어내려고 애쓴 한 여성이었다."
9788983718518,10,애정을 가득 안고도 이토록 성실한 글쓰기. 정말 좋았다. 공부하는 사람은 글에서도 빛이 난다.
9788983718518,6,<죽이는 책>옮긴 이 작가가 궁금해서 새 책을 찾아 읽었다.문학소녀 취향의 대표작가 전혜린을 중심으로 살피며 그동안 여기저기서두들겨맞아온 문학소녀 취향이 그렇게 나쁜 것인지 다시 생각해보자한다.소파 방정환이 신여성 비꼰 얘기는 첨 알았다.헬조선에서 여자로 살기는 정말 어렵다.
9788983718518,6,이렇게 논문형식으로 쓰지 않았다면 전혜린을 더 이해할 수 있었을텐데 아쉽다. 주제보다 형식이 아까운 책이다. 그런데 책 표지는 왜케 이쁜지 ㅋ
9788983718518,8,"한국 문단과 사회가 ‘문학소녀‘라는 단어에 담아 던진 혐오와 조롱에 반기를 들며, 역사 속에서 핍박받던 여성 문인과 여성 독자들의 수난사를 정리한 시도는 참 의미가 깊다고 생각한다. 그러나 ‘전혜린 쉴드치기‘는 그를 아끼던 세대에겐 의미있겠지만 그 이후 세대인 내게는 모두지 와닿지 않음;;;"
9791188071029,6,패러디에 대해 가졌던 기존의 인식이 원작에 대한 절묘한 비틀기나 풍자정신 같은 기발한 재미 위주로 이뤄졌던 게 사실이라 이 책을 읽기 전에 부담이 전혀 없었다. 근데 막상 읽어보니 시를 ‘패러디하는 것‘에 대해 진지하게 공부하고 싶은 사람이 아니라면 다소 부담스러운 내용이었다.
9788932318479,10,"20세기 러시아문학을 사회주의의 혁명(1917)과 몰락(1991)이라는 큰 틀에서 본다면 여기 등장하는 작가들은 체제에 대한 희망과 절망을 각각 다른 방식으로 표현했다. 그래서 더 다양하면서 극적이다. 그러면 지금 푸틴의 장기집권 아래의 러시아 문학은 어떤 모습일까, 궁금하다."
9788932318479,10,"전편을 워낙 재미있게 읽어 반가운 출간! 다뤄지는 작품들을 거의 다 읽지않은 상태에서 강의를 먼저 보려니 19세기보다 읽는 속도는 좀더 걸렸지만, 사회주의 국가라는 특수한 필터를 통해 작가와 작품에 접근하게 된다는 것만으로도 20세기편 역시 멋진 강의였습니다."
9788932318479,10,"로쟈는 진리다.  러시아문학, 그리고 책읽기 전반에 걸쳐 꾸준히 좋은 내용을 배울 수 있는 책."
9788932318479,10,러시아문학은 한번도 읽어본적이 없어서 읽어보고 싶어요
9788974256357,6,"60, 70대 노인 둘이 앉아서 하루키가 뿌려놓은 수수께끼 풀이하는 모습을 상상하니 그만..."
9791186430514,4,<낙관하지 않는 희망>에서 멈췄어야 했는데. 김성균씨 이름이 걸린 번역서는 다시는 손댈 일 없겠습니다.
9791186430514,6,"문학의 개념적 정의 (불)가능성을 고민해 본 사람, 문학에 관한 인식론적 가능성을 포기하지 않은 사람에게는 더없이 반갑고 유익할 만한 책. 다만 역자가 파격적으로 선보인 번역어들 가운데 납득하기 어려운 것이 많고, 기존 번역서들의 제목을 참고하지 않은 경우도 허다해 읽다가 종종 난처해진다."
9791186430514,6,"제목 선정의 권한은 출판사에게 있다고 알고 있습니다.""문학 이벤트"" 제목은 좀 아쉽네요.틀리거나 잘못된 것은 아닌데,분명 저자는 ""문학이라는 사건""이라는 의미로 지었을텐데,절묘하게 (틀리지 않았지만) 상업적인 평범함으로 전락시켰어요.현대 사상에서 ""사건""의 개념이 중요성을 더해가는데요"
9791185152554,10,아이고 신기해라. 아이고 재밋어라.
9791185152554,6,"가격은 높고, 크게 참신한 용어도 별로 없었던 책."
9791185152554,6,이북으로 볼 땐 의성어 의태어가 굵은 표시가 안되어있어서 아쉽네요...
9791185152554,10,우리말의 힘을 다시한번 느끼게 한책! 이렇게 많은 의성의태어가 있다니!!작가의 노력에 박수를...
9791185152554,10,한 우물을 깊고 팠더니 더 넓게 나오더라는 말을 체험할 수 있다. 오랜 세월 공부하고 정리한 힘이 느껴진다. 저자의 노력에 무임승차할 수 있어서 고맙다. 흉내내는 말의 재미에 풍덩.
9791185152554,10,"동요나 동화를 읽듯 쉽고 재미있다. 의성어 책, 형용사 책이 있었음 했는데 어쩜 이리 딱 나왔을까! 시리즈로 더 나오면 좋겠다. 처음 제목보다 두번째 제목이 훨씬 어울려서 좋다. 중고생이 심심풀이로 읽어도 좋을듯. 작가님 감사합니다!"
9791185152554,10,만족. 우리말과 재미나게 노는 기분
9788997838905,8,내겐 지적질이 필요해.내 글을 지적질 해주는 착한 책.
9788997838905,10,아들의 글쓰기에 첫걸음이 되길 바랍니다
9788962631449,6,개괄서로 좋은 책인것 같습니다. 복잡한 문학사보다는 주제별로 다루어져서 재미도 있구요. 다만 번역가 분이 누구신지. 읽다가 기가차서 이름 확인 해봤네요.
9788962631449,8,"쉽고 재미있는 (사실상의) 유럽문학사. 중요한 작가들과 문학사적 주제를 간략하게나마 대부분 다루고, 무엇보다 저작권이나 검열, 매체 변화 등 문학을 둘러싼 정치적 또는 물질적 환경과 제도의 문제에도 주목한다는 점이 돋보인다. 유럽에 편중되어 있고 더 읽을거리 목록을 제시하지 않은 게 흠."
9788962631449,8,문학의 전반적인 흐름을 이해하는데 유용한 문학 개괄서라고 보시면 되겠습니다. 워낙 다양한 작품을 언급하기 때문에 편한 마음으로 문학의 동향을 파악하는 정도의 교양 서적입니다. 문학 전공생이나 문학에 남다른 관심이 있는 분들이 본다면 좋을 책입니다.
9788962631449,10,세계문학 개괄서로 읽기에 적당하고 지루하지 않아 좋습니다
9791155652329,10,힝 너뮤 비싸 ㅠㅠ
9791185877785,10,"시 ˝단장短章˝ 2연 첫 행은 이렇게 시작합니다. ˝달은 어째 빅톨 씨 같은 얼굴을 하고˝ 여기서 빅톨 씨를 각주 30번으로 하고 설명 하기를, ˝러시아 문학가 빅토르 위고˝ 이거 읽고 웃다가 웃다가 기함을 했습니다. 이 양반이 언제 러시아로 이민 간 거야! 하고요. 별점은 각주와 관계 없습니다."
9791185877020,10,서사론에 대해서 국내 학자의 이만한 길잡이는 없는 듯. 이 분야에서는 최고의 입문서이자 중급까지 가능한 학습서이다.
9791185877020,8,대가들의 서사 이론은 잘 요약하였으나 요약은 요약일 뿐 결국은 대가들의 이론을 다시 봐야 할 듯. 그러나 전체 지형도를 잘 그리고 있어 도움이 됨
9788976822376,10,"아름다움이란 ˝우리를 침묵하게 하며, 우리를 절망하게 하는 것˝이라고 릴케는 말했다. 책을 읽으며 자주 침묵하고 자주 절망했다. 김윤식의 시공을 초월한 문화적 관심과 문학적 깊이에 절망했고, 비평이 어떠해야 하는지 밝히는 대목에서는 침묵할 수 밖에. 그런 의미에서 아름다운 책이다."
9788932916255,10,얼핏봐서 볼라뇨의 버즈북이나 작품집인줄 알았더니 비평록이다.
9788932916255,10,정말 멋진 이벤트 책. 이런 이벤트는 언제나 환영합니다.
9788932916255,10,논문을 쓰는데 도움을 받았습니다.
9788932916255,8,"볼라뇨, 볼라뇨, 볼라뇨."
9788932916255,6,"책을 읽기전에 서평을, 그것도 한쪽 의견만 줄창 써 있는 서평을 읽는 것은 위험하다. 자칫 서평의 분위기에 휩쓸려 책을 구매해 볼 위험이 내재해 있기 때문이다. 저자의 평범하지 못 했던 유년 시절과 성인 시기 대부분이 결국 ˝소설˝이라는 외피를 쓰고 표출된 것이라는 것을 미루어 짐작하게 한다"
9788932916255,10,"이 책은 볼라뇨의 해설이 아니며, 볼라뇨를 성심껏 분석한 글도 아니다. 한바탕 볼라뇨에 취한 사람들이 모여서 저마다 자신을 통과한 볼라뇨를 그려놓은 화집이다. 어디서 뻗어나왔는지 선을 도통 이해할 수 없으나 색채 하나는 화려해서, 감염의 동일한 증상인듯하다."
9788932916255,8,"세상의 모든 책이 이랬으면 좋겠다. 튼튼한 제본, 디자인, 폰트, 글자 크기, 자간, 줄간 등등. 양장본은 과감히 포기하고 최소한 우리나라의 모든 책이 이랬으면 좋겠다. 물론 가격까지 이랬으면 하는 욕심은 없다."
9788932916255,8,"작가 사후에 프랑스 한 잡지사가 엮은 작품론, 작가론, 에세이, 오마주에 국내 필진의 원고를 묶어서 만든 책. 인상적인 정가 2,666원. 아직 번역되지 않은 볼라뇨의 글은 더 있다. 기다려 볼 수밖에."
9788932916255,10,볼라뇨는 진리.
9788932916255,10,볼라뇨에게 바치는 볼라뇨 마니아들의 헌정 작품집!
9788952116123,8,"저 같은 경우 수업교재라서 사서 읽어보게 되었는데, 생각보다 유익하고 재밌어서 놀랐습니다.스페인, 라틴아메리카에 대해서 전혀 몰랐는데, 이 책을 읽고나서 뭔가 알겠다 라는 느낌이 들었고, 여행도 가고 싶어졌네요. 스페인어권 나라들에 대해 관심있으신분들은 이 책 추천합니다!!"
9788932316918,6,러시아 역사와 결합한 설명이 흥미롭다. 하지만 ‘창녀‘ 단어의 반복적 사용/여성작가에게만 맥락없이 성별 표시/‘주인공‘과 ‘여주인공‘/남주의 욕망을 설명하면서 예시로는 ˝자기가 100만원짜리 모피코트를 입는데 옆집 ‘엄마‘가 200만원짜리를 입고 다니면 불행해하잖아요?˝ 등이 고루하게 느껴짐..
9788932316918,8,"다른 작가편은 다른 평론가의 견해와 큰 차이 없고, 투르네게프에 관해 궁금하던 점이 많이 해소되었다."
9788932316918,10,19세기 러시아 문학을 다뤘다. 세계의 8분의 1의 영토를 가진 러시아의 광활함만큼이나 작가들은 다양한 인물들을 만들어냈다. 같은 듯 다른 삶이지만 누구는 외면하고 누구는 대면한다. 도스토예프스키와 톨스토이를 벗어나 또 다른 작가들을 보려는 사람들에게 일독을 권한다.
9788932316918,6,도스도예프스키? 그분작품이후로 러시아문학은 사실어렵고 읽기힘들어서 ....
9788932316918,10,"몰랐던 새로운 세계. 읽고나니 푸슈킨, 톨스토이를 읽고 싶어진다. 20세기문학은 언제 나오... 왔나?"
9788932316918,8,믿고 읽는 중간계 최고 매력남 작가님의 강의록
9788932316918,8,"간명하다! 이런 책 입문서로 필요하지만, 대부분은 러시아 몰라서 그 문학 안 읽는 게 아니다. 읽는 독자는 전후사정 몰라도 읽고 감동한다. 평소 많은 작품 읽어 문학에 대한 자기 안목을 생기면 더 넓게 읽는다. 이 누적된 경험과 안목 없으니 작품 국적 따지거나 인명이 어렵다는 핑계가 나오는 것."
9788932316918,8,쉽고 재미있게 잘 정리된 교과서. 초심자에게는 매우 유익한 책!
9788932316918,10,러시아 문학 입문서로서 최고!
9788932316918,10,문학으로 철학하는 러시아에 대한 입문
9788932316918,10,러시아 문학을 읽을 때 많은 참고와 도움이 되었습니다.
9788932316918,10,러시아 문학의 정수에 관한 핵심을 정리한 책.
9788932316918,10,｀쉽고 재미 있는 러시아 문학 이야기｀를 알고 싶은 사람에게 100번 권하고 싶다.
9788932316918,10,어려운 러시아 문학을 쉽게 이해할수 있어서 좋습니다.여기에 소개되는 책들을 차례로 읽어나가니훨씬 이해도 되고 재미도 있습니다.
9788932316918,10,"문학 전공자의 기품을 잊지 않으면서도 친절한 길잡이. 생소해 겁먹었던 러시아 문학인데, 옛이야기처럼 펼쳐지는 강의에 푹 빠져, 앉은 자리에서 다 읽어 버렸어요. 로쟈님 글만큼 말도 유려하시다던 소문대로, 굉장한 달변이신 듯! :) 감사한 마음에 평을 남깁니다."
9788932316918,10,"소개된 책들을 (다시)읽어보고 싶어지는 마음이 아주 강하게 차오른다. 로쟈님, 미국 문학 영국 문학 독일 문학 프랑스 문학도 다 강의해주시면 안될까요?"
9788932316918,6,문학강의를 좋아하기 때문에 재미있게 읽었다. 그러나 러시아문학 전공자에게 기대한 내용치고는 좀 아쉬움이 남는다.
9788932316918,8,"13페이지 지도에 동해가 ｀Sea of Japan｀으로 표시 되어 있어 유감입니다.
수정 부탁합니다."
9788932316918,8,거장들이 즐비한 러시아 문학은 등산으로 치면 하나의 산맥종주다. 대부분 도스토예프스키나 톨스토이부터 손에 들지만 그 방대함에 나가떨어지기 쉬울 터. 전공자의 가벼운 입문서를 통해 워밍업을 한다고 생각한다면 이 책은 제격이다. 이 책을 통해 어느덧 러시아 문학의 심장에 발딛길 기대하며.
9788932316918,10,"너무 짧지도, 너무 길지도 않은 분량과 너무 얕지도, 너무 깊지도 않은 설명이 장점입니다. ｀과함｀이나 ｀모자람｀이 없는 러시아 문학 입문서라고 생각합니다. 읽고 나면, 책에서 소개된 한두 권은 장바구니에 담길듯싶네요."
9788932316918,10,강의실에 앉아서 듣는 듯한 설명을 들으면 낯선 작가들이 친숙하게 느껴진다. 책을 읽다 안나 카레니나를 지르고 있는 나를 발견하는 두려움.
9788932316918,10,친절하고 흥미로운 러시아 문학 입문서. 로쟈님 특유의 위트가 담긴 지적인 길라잡이. 러시아의 문호들에 대해 막연히 갖고 있던 이미지가 한 꺼풀 벗겨지는 느낌. 그들 문학 세계의 면면들을 새롭게 알아가게 된다.
9788932316918,10,지금까지 나온 이현우 선생님의 책중에 가장 우아한 것 같습니다. 디자인이 말이죠^^ 내용 또한 충실합니다. 입문서로서의 역할을 충실히 수행합니다. 선생님의 전공이라 그런지 ｀로쟈의 세계문학 다시 읽기｀와 ｀아주 사적인 독서｀에 비해 서술에 여유가 있습니다.
9788932316918,8,"러시아 문학에 입문하기 위해 고른 책. 톨스토이와 도스토예프스키만 주워들은 나에게 많은 것을 알려준 책. 개인적으로는 러시아의 특수성, 역사적 배경과 문학의 흐름이 어떤 연관이 있는지 깔끔하게 정리되길 바랬는데 그 부분에 대해서는 설명이 빈약해서 아쉬웠다."
9788932316918,10,러시아 19세기 문학의 친절한 입문서. 모출스키 책에 체호프가 추가된 형식이지만 문장이 더 매끄럽다. 사진들이 많아서 좋다.그래도 각 작가의 스케치 인물화가 접혀 있는 건 과한 느낌. 본문에 언급되는 참고 도서들의 목록이 빠진 것이 아쉽다.
9788932316918,10,이현우 선생님이 아트앤스터디 인문 숲에서 진행하셨던 내용과 거의 같습니다. 그래도 정리된 것을 다시 읽으니 좋네요. 작가별로 펼칠 수 있는 일러스트가 실린 것도 좋고요. 트레블료프 이름 오자 난거랑 뒷표지에 톨스토이 이름 노어로 잘린 것이 아쉽네요. 다음편도 기대합니다.
9791158510060,10,알기 쉽게 잘  썼음
9791158510060,8,책을 많이 읽어도 맞춤법이 헷갈릴 때가 많은데 헷갈리는 맞춤법을 알기 쉽게 풀이해주었다. 그래도 한번 읽어서는 안될 것 같고 공부하는 마음으로 다시 읽어봐야 할 듯.
9791158510060,10,한글 맞춤법 참 어렵다한글 맞춤법이 잘 안 지켜지는 지금이 책이 더 필요하다는 생각을 한다~~
9791158510060,10,"단순 암기를 요하는 게 아니라, 맞춤법의 핵심과 원리를 쉽게 풀어 알려주는 책입니다. 틀리기 쉬운 맞춤법 중심으로 예시와 함께 어째서 맞고 틀린지를 설명해주니 어렵게만 느껴지던 맞춤법이 좀 더 가깝게 다가오네요. 얼른 2, 3권도 마저 읽으렵니다^^"
9791158510060,8,의외로 헷갈리는 맞춤법들이 꽤 있었어요.영어 못지 않게 한글공부도 해야겠다는 다짐을 하게 했던...ㅜ
9791158510060,10,평소 헷갈리는 표현들이 있었는데 명확하게 이해할 수 있게 되었어요. 추천해요.
9791158510060,10,객관적으로 이 책은 좋은 책이다.
9791158510060,10,많은 도움이 되는 책이라 투표해요 ^^
9791158510060,10,참 좋은 책입니다. 공무원 공부하는 사람들에게도 워밍업으로 좋을거같네요~
9791158510060,10,평소 잘못 알고 있었던 맞춤법이 정말 많았네요! 많은 도움 되었습니다!
9791158510060,10,"한글, 이젠 제대로 알고 쓰자."
9791158510060,10,실용적이다
9791158510060,6,교양 상식
9791158510060,10,"국어 문법을 집중하지 않고도, 머리 안 아프게 잘 설명해준다. 무엇보다 무료 e북으로 get했으므로 감사"
9791158510060,10,인터넷세상에서 한글이 홀대받고 있는데요. 그런 현실에 경종을 울리는 책입니다.
9791158510060,10,역시 한국인이 한글을 공부해야되는 것은 마땅한 것이라고 생각합니다.
9791158510060,10,고민이 많았는데 읽고난뒤 근심이 사라지는 느낌입니다
9791158510060,10,필요할 때마다 한 번씩 보는데  많은 도움이 됩니다 .
9791158510060,6,유용합니다
9791158510060,10,"아직 읽는 중이다,세심하고 절도있게 써야하는 한글 모두에게 자랑이며,사랑이다"
9791158510060,8,"한글 올바르게 쓴다고 믿었던 나는 혹시 100명 중 2명이 아니었을까 기대하며 샀지만, 결국 나도 98명 중 한 명이었다는 충격적 사실! 이제라도 고쳐써야지. ㅠ_ㅠ"
9791158510060,10,"읽기 쉽고, 평소에 많이 헷갈리던 맞춤법들을 한눈에 볼 수 있게 정리해 주어서 좋아요."
9791158510060,10,한글에 대해 많이 알고 싶은 마음이 간절합니다.
9791158510060,10,헷갈리는 단어들에 대해 알기쉽게 잘 나타낸 도서!!!
9791158510060,10,"세월이 지날 수록 한글이 더 어려워져서(^^) ｀한글을 다시 배워야 하나｀ 하는 참에 적절한 책이 나왔네요.  언어가 시대에 따라서 변하기도 하지만, 습관때문에 익숙하게 틀리기도 하기에 옆에 두고 보면 좋을 책이네요!!!"
9791158510060,10,한글날 다시한번 생각하는 한글
9791158510060,10,오늘은 한글날이네요. 전세계적으로 우수한 한글 제대로 쓰기 위해 공부합시다.^^ 그러기 위해 유용한 책이라고 생각됩니다. 감사합니다.^-^
9791158510060,10,이 책 굉장히 유용합니다. 틀리기 쉬운 것만을 골라서 설명해주고 있어서 가려운 곳을 긁어준다는 느낌입니다. 오늘은 한글날. 더욱 간절해지네요
9791158510060,8,"틀린글 찾기 , 모르고 있던것 보다는 헷갈리는데 정답 못외우는것 , 글 쓰다가 잘 모르겠으면 네이버가 더 빠르긴해도 읽어 봐야 찾기라도 하지..."
9791158510060,10,"제ㅔ목부터 딱 내게 필요한 책인 거 같아서 바로 구입했어요~ 단순히 맞다 틀리다 구별한 게 아니라 왜 틀렸는지, 우리가 왜 헷갈리는지에 대해서 친절하게 설명해줘서 완전 만족!! 이제 친구들하고 얘기할 때 맞춤법 때문에 머뭇거리는 일 없을 거 같아요~"
9791158510060,8,앗. 서점에서 보고. 이걸 사야하나 살짝 고민했던 그 책! ｀감기 빨리 낳아~｀를 들을 때마다 이걸 말해 말어 고민했었는데.. ㅎ 헷갈리는 문자용 단어들에 대한 답이 여기 있었다! ㅋ
9788994207278,10,최고!
9788994207278,8,"울리포(OuLiPo) 입문서이자, 울리포적 글쓰기의 한글 적용 예를 담고 있는 책이다. 울리포나 관련 작가들에게 관심이 있다면, 또는 글쓰기의 형식적 방향성 ｀탐구｀에 거부감이 없다면, 읽어볼 만할지도 모른다."
9788994207278,10,"울리포(잠재문학작업실)와, 그 한국의 ｀표절자들｀(울리포적으로 말해, 이는 지극한 칭찬이다)이 보여주는, ｀새로움｀을 향한 제약의 향연."
9788994207278,8,즐거운 책!
9788994207278,10,"˝단언컨대˝ <잠재문학실험실>은, 심연을 두려워하지 않고 지하에서 산보중인 방랑자들에게 매혹적인 이정표로 기억될 것이다."
9788998096304,4,두툼한 내용들이 알차기도 합니다 공광규 시인의 소주병이 참 좋습니다 감사드립니다
9788994228648,6,소설을 직접 읽고 독후감쓸때 좋음
9788994228648,6,30년전에 저자의 위대한 개츠비 수업을 들어서 그런지 딱히 읽으면서 신선한 감각은 갖기가 어려웠다. 그리고 세월이 흘렀음을 느끼게 한 책이다. 대단해 보였던 선생의 글을 나이 들어서 읽으면서 딱히 대단해 보이지 않아 약간 슬픈 느낌을 가지게 되네...여전히  건강하시기를....
9788959665372,10,"일제시대부터 1950년대까지는 한자 사용이 많고, 또 일본식 한자로 씌여있어서 내용을 이해하기 어렵다. 그런데 이 책은 뒤에 이숭원 선생의 설명과 요약이 도움됐다."
9788959665372,10,책의 표지와 내용이 마음에 든다.
9788992351386,10,아스트리드 린드그렌은 자기 삶을 최선을 다해 산 사람이다.
9788992351386,10,작가의 삶과 작품이 잘 녹아 있다. 한 매력적인 인간의 내면에 대한 이해를 돕고 멋진 작품 세계로 인도하는 안내서 역할을 톡톡히 해내는 책이다.
9788992351386,10,린드그렌의 일생이 담긴 이 책을 읽어보니 그녀의 책들이 훨씬 더 이해됩니다. 역시 글은 자신을 비껴갈 수 없다는 걸 다시 한번 깨우칩니다.
9788992351386,8,"헬로, 린드그렌 ;-)"
9788932471921,8,범죄소설 소개책. 스스로 범죄소설작가인 저자가 19세기 중반부터 1993년까지 범죄소설사를 소개한다. 좋고 싫은 게 뚜렷한 서역인지 몇몇 명작을 과대평가됐다고 잘라 말하고 절판돼 잊힌 몇 작품은 다시 소개돼야 한다고 추켜세우기도 한다. 그러고 보니 2018년2월 현재 시중에 나온 점죄소설길잡이
9788932471921,10,이런 책은 한 권쯤 가지고 있어야 하는 책!
9788932471921,8,어느 부분에서는 대중의 공감을 상실한 저자의 주관적인 평가가 의욕을 상실하게 만들기도 하지만 추리소설의 애호가라면 필독해야 할 분석 내지는 비평서이다.
9788932471921,8,"추리소설의 역사를 다룬 좋은 책입니다. 추리 , 그중에서도 영미권 추리를 좋아하신다면 하나쯤 갖고 있으면 좋을 책."
9788932471921,10,"표지가 마음에 들어서 샀는데, 웬 걸.. 추리소설이 아니네요 ㅋㅋㅋ 하지만 추리소설을 사랑하는 사람이라면 소장하고 싶은 욕구가 들 법한 책입니다. 우리가 폭넓게 추리소설이라고 칭해지는 장르에 대해 끊임없이 이야기를 들려줍니다."
9788932471921,10,"추리소설을 좋아하는 독자들에게 강추. 어엿한 한 갈래를 차지하는 일본 추리소설이 완전히 배제된 것은 아쉽지만 추리, 미스터리 장르의 팬이라면 일독의 가치가 있다!"
9788932471921,10,"겨울, 따뜻한 방안에서 인간이 저지르는 추악한 범죄소설을 읽는 재미. 이 책은 그 재미를 찾아 가는 완벽한 내비게이션이다."
9788932471921,8,"저는 큰 실수를 했습니다. 이 책은 추리소설을 많이 읽어 본 후에
종합적으로 볼 필요가 있습니다. 하지만 후회는 없습니다
세계적 추리 소설들을 많이 읽고  그후엔 꼭 블러디 머더를 읽을 거니깐...."
9788932471921,10,"책 뒤에 평론, 추천작품, 작자와 작품 색인까지 수록해서 추리소설 백과사전처럼 활용할 수 있다는게 포인트. 정성을 많이 들여 많든 책이라는 티가 팍팍 남."
9788932471921,10,"추리소설의 역사와 변화를 다룬 책인데, 추리소설만큼이나 (혹은 그보다 더) 재밌다. 다만 큰 단점이 있는데, 이 책을 다 읽고 나면 장바구니가 묵직해져 있을 거라는 점... 후 --;;"
9788932471921,8,재밌네요 ㅎㅎ 추리소설을 좋아하신다면 한번쯤 필독하시면 즐거운 경험이 되실 듯
9788932471921,10,바로 구매해서 읽고 있는 중... 추리소설 마니아라면 어떻게 안 살 수가 있겠어요.
9788932471921,10,근사한 책이예요
9788959665082,10,"음식을 늘 먹지만 진미를 만나기 어렵듯이 독서도 그러한가? 300쪽이 채 안 되지만 그 내용은 두 배가 넘고 그 여운은 더욱 길구나. 도연명의 시문과 후대의 그림, 그리고 도연명의 시에 차운한 글과 평론을 저자의 심미적 비평으로 엮었다. 중국 인문학이 거둔 근래 보기 드문 수작이라고 해야 할까."
9788990641700,8,초현실주의 선언 텍스트를 모아놨다. 생동감이 느껴진다. 참고자료로도 가치가 있다. 초현실주의의 바다에 잠시 잠겼다 나온 기분이다.
9788990641700,10,"초현실주의를 깊이 있게 공부해볼 기회는 생각보다 많지 않다. 하지만 이 책을 통해 그것의 의미나 그들의 의도는 그나마 알 수 있지 않을까. 황현산 선생의 번역이라 믿음도 간다. 여러 부록과 사진, 주석으로 설명이 풍성해서 더욱 좋다. ^^"
9788990641700,10,"책의 디자인이 내용과 부합하도록 노력하신 듯합니다. 직접 번역본을 접하니 무엇보다 반갑고, 모양새도 흡족합니다."
9788990641700,8,초현실주의에 관한 책을 읽다보면 브루통의 ｀초현실주의 선언｀에 대한 언급을 자주 접하게 됩니다. 그 유명한 책을 제대로 된 번역본으로 만날 기회가 생겼군요
9788901135113,4,"은유, 직유, 상징이라는 중1 교과서 내용을 확인했고,인용된 시인들을 보니, 참..."
9788901135113,10,정말 내가 좋아하는 시들로 가득차서책을 펴고 있는 내내 기분이 좋았습니다~~
9788901135113,10,시도 철학도 이 세상을 살아가는데 넘 든든한 친구였어요. 어른이 되어가는 시기의 후배들에게 선물용으로 최고예요!
9788901135113,10,시와 철학! 아주 멋진 만남이었어요. 적극 추천합니다.
9788901135113,10,사실 문학 장르중 가장 어려워하는 부분인데 철학적인 해석이 정말 절묘하게 잘 어우러져서 읽는 내내 행복했습니다. 꼭 한번 읽어 보시라고 추천하고 싶네요. 좋아요.
9788901135113,10,시와 철학이 이렇게 절묘하게 어우러져 있다니요. 시를 철학적 견지에서 감상하는 내내 아주 재미있고 즐거웠답니다. 적극 추천해요.
9788901135113,8,시와 더 가까이 가는 느낌~
9788901135113,10,문학읽기에 대한 믿음으로 시 읽기
9788901135113,10,재미있게 읽고있어요
9788901135113,10,사랑하는 조카에게! 김용규 선생님 팬입니다!
9788901135113,10,시를 읽은지 너무 오래전인 듯합니다. 다시 시를 읽으며 시의 즐거움에 빠져들 수 있는 시간이었습니다. 전 강추합니다.
9788901135113,8,철학카페~ 시리즈 좋다. 봄엔 시를 읽어봐야지.
9788901135113,10,착착 감기는 쉬운 문장으로 읽는 철학과 시. ‘시적(詩的)인 거주’로의 담백한 초대.
9788901135113,10,"시를 중심으로 살펴보는 가벼운 철학이야기입니다. 철학에 대해 어렵게 생각하시는 분들께 좋은 입문서라고 할것입니다. 시에 대해서도 잘 알 수있고, 이를 통해 자신의 취향에 맞는 시를 찾을 수 있습니다."
9788901135113,8,기대를 배신하지 않는 작가를 계속 만나는건 흔치 않은 즐거움이다. 때로 감사한 마음까지 든다랄까. 비가 온다 시를 읽어야겠다
9788901135113,10,역시 나에게 항상 깊은 사색을 선물해주시는 김용규 교수님의 책. 철학카페에서 문학읽기에 이은 두번째 책...재미있고 유익해서 흥미로운 문구들은 기록하면서 읽었다.
9788901135113,10,강신주의 철학적 시읽기의 즐거움과 괴로움을 읽고 이 책을 보게 되었다.... 좋다!!
9788901135113,10,연애와 사랑 이런 인생의 즐거움을 가르쳐주는 철할 카페에 입장하는 글이다.
9788901135113,10,오~ 철학카페에서 시 읽기라니! 전작인 문학읽기에 흡족함이 만땅이었던 터라(저자의 다른 책들도 모두!) 이 책도 어김없이 기대됩니다. 이렇게 마음에 드는 신간을 만나는 즐거움이라니~
9788935660056,10,탈식민주의 입문서로는 최고라고 생각한다. 이론서임도 술술 읽히는 문장에 감동받았다.
9788958623601,6,가격이 딱 2배가 되었군. 솔출판사 책도 좋았는데...
9788958623601,8,"개정판 나왔단 얘길 들으면 공연히 화가 난다. 고친 것도 얼마 없는데, 물가 따라 가격만 다르거나 표지만 덜렁 바꿨을 때. 번역서는, 특히나 잘못된 번역을 바로잡았다는 문장이 눈에 띨 때! 개정 이전판 독자에 한해서 반값에 팔거나 교환해주면 좋겠다! 나만의 작은 소망."
9788958623601,10,"한시에 대해서 문외한이나 다름없었던 내가, 이 책을 통해 한시가 가진 매력을 흠뻑 즐길 수 있었다."
9788958623601,4,"공부는 박희병, 감성은 이승수, 글맛은 한형조, 다작은 정민."
9788958623601,6,어렵다--;;강의로 들으면 맛깔스러울텐데...
9788958623601,8,압권! 원하던 책 입니다. 저자의 한시에 대한 애정이 보이는 책입니다. 단점 이라면 책을 비교적 꼼꼼히 봐서 그런가 개정판 임에도 한자가 틀린게 있더군요. 사전을 찾아도 안 나오는 한자도 있습니다. 어려워요.
9788958623601,10,생각보다 책이 작습니다. 작고 두꺼운 책. 알찹니다 근데 아버지 드릴려고 샀는데 글씨가 작은편이여서 읽기 힘든게 단점.
9788958623601,10,한시를 알고 싶거나 한시의 즐거움을 느끼고 싶다면 이 책을 읽어보라는 권유를 받았습니다 누구나 읽어도 좋은 책이라고 합니다
9788958623601,10,예전의 책을 더욱 업그레이드 한 저자의 대표 저작이라고나 할까. 좋다. 고맙다.
9788958623601,10,아버지가 좋아하시는 책♪
9788958623601,10,정말 정말 정말 개정판이 나와서 반가운 책~~
9788958623601,10,중고로 어렵게 구했는데 개정판이 나왔네요 ㅋ^^^
9788992355605,8,"재미있게 서술된 우리말 해설서, 띄어쓰기가 빠져 있어 약간은 서운, 추천"
9788992355605,10,이렇게 내가 모르고있었던 잘못된점과 상식을 잊고있었다니 정말 한심하기 짝이없네요
9788901102900,10,"백석의 시야 두말할 나위도 없지만 이를 풀이한 저자의 글솜씨와 통찰도 뛰어나다.문장의 리듬이 어그러짐이 없고,호흡이 수월하며,차분한 가운데 감정이 다채로워 읽는 재미가 있다.10년째 소장하며 한번씩 다시 들여다보는 까닭이다."
9788901102900,10,"모든 것은 이 책에서 출발했다. 내가 백석 시집을사본 것도, 내사랑 자야를 사게된 것도, 작은 독서모임 사람들과 백석 시화집과 시는 노래처럼을 읽게 된 것도. 그 모든 출발이 여기다. 그 책들과 그런 대화를 모두 가능하게 해 주고 알게 해줘서 고마운 책."
9788901102900,10,백석시를 참 좋아해서 구입했었습니다.쉽고 맛있게 쓰여진 책 입니다ㅎ 읽다보면 배가 고파져요
9788901102900,10,백석을 사랑하는 사람들에게는 반가운 책이다. 특히 음식이야기라서 더욱 정겹고 구수하다. 흥미롭게 읽었다. 백석시가 좀 어려웠는데 이 책을 읽으니 좀 더 쉽게 이해할 수 있었다.
9788901102900,10,정말 맛깔나는 책입니다 ㅎㅎㅎㅎ
9788901102900,8,음식이야기와 백석. 좋아하는 두 조합.
9788901102900,8,백석의 시를 아끼고 사랑하는 이들에게는 이 책과 같이 새로운 분석은 언제나 반갑다. 백석의 시에서 음식 소재는 많은 비중을 차지하는데 이런 측면으로 진작 연구서적들이 나왔어야 하는건 아닌가 하는 생각을 한다.
9788901102900,4,맛을 말로 설명해보았자. 시를 머리로 이해해보았자.
9788901102900,8,'선우사(膳友辭)'라는 시를 만났다. 그 시와 나는 친구가 되었다.
9788901102900,6,새로운 방법론과 낯익은 결론. 아무튼 이 참신한 시도에 박수!
9788901102900,8,미처 알지 못했던 백석시의 묘미를 마음껏 누릴 수 있었습니다.
9788901102900,10,진짜- 재밌음.
9788990024893,10,재미와 감동이 함께. 까치에서 나온 이백과 두보 류와는 다름.
9788990024893,10,단순한 강해가 아니라 그 역사적 배경을 함께 배울 수 있어서 시적 이해를 깊게 해줌
9788990024893,8,고전강의를 듣는듯한 착각이 들게합니다
9788930083690,8,톨스토이의 모든 업적을 한눈에 볼 수 있고 느낄수 있는 책
9788930083683,10,문학평론가 입장에서 쓴 전기라 약간 어렵지만 톨스토이 인생에 대한 좋은 전기문학!!
9788952106391,8,한국 문학 연구의 거목이신 김윤식 교수님께서 쓰신 책이라 내용이 정말 좋습니다. 한 분이 쓰셔서 통일성있는 집필도 좋습니다. 근데 한자어가 조금 많습니다. 하지만 전공자 분들에게는 필수 서적이라 생각됩니다.
9788952106391,10,현대 문학의 흐름을 꿰뚫는 책!
9788973378937,10,첫 문장부터 50페이지까지 지루함 없이 술술 읽혀가는 중이다. 배우고 있다
9788973378937,8,"처음 글쓰기를 접할때
막막할때 다가갔던 책입니다. 
명쾌하다기보다는 나는 어떤 글을 쓰고 싶은가
관점을 잡아주고 방향을 제시해 주었습니다"
9788973378937,10,실천적이고 유익한 내용들이 담겨 있다
9788973378937,6,자신감이다
9788973378937,8,선생님이 밝히는 실전 글쓰기 비법
9788973378937,10,"알지 못했거나, 잊고 있었던, 글쓰기의 비법. 작지만 소중한 거 알게 된 책!"
9788973378937,8,"기존 실질적 글쓰기등 방법론적인 글쓰기 도서들 중, 생각을 하고 창의적인 글쓰기를 위해 가져야 할 독창적 감성 글쓰기 비법. 그에게 글을 쓴다는 것은 같은 사물을 다르게 보는 것. 보다 아름 답게 보는 것 이다."
9788973378937,10,도서관에서먼저빌려본책.혼자서글쓰기공부를하는데도움을주는책들이많지만괜찮은보물을발견한느낌.이외수식비법을깨친느낌.첫술에배부르진않겠지만매일전진하기위해옆에끼고싶은책.무호감에서호감으로바꿔준책대단해
9788973378937,8,바라보고 사고하는 지평을 넓히는 데 도움이 됩니다.
9788973378937,2,"이외수팬들에겐 너무나도 이외수다운 글들 때문에 즐겁겠으나, 글쓰는 방법을 알고 싶은 독자에겐 별 소용이 없는 책. 실전작문비법은 없고 이외수가 생각하는 글쓰기철학과 작가로써의 경험과 조언이 대부분. 비추"
9788973378937,10,읽는 동안 즐거워집니다. 알게되고 많이 얻고 갑니다.
9788973378937,10,"재미있는 예문들이 많이 수록되어 있고, 수긍할만한 조언들로 가득 찬 글쓰기 입문서"
9788973378937,10,문학적 글쓰기를 잘하고 싶을 때 따라하면 좋은 기본 글쓰기 방법론.
9788973378937,2,내가 읽은 책 중에서 가장 후회되는 책 중의 하나. 사서 읽으세요. 그리고 후회하세요
9788973378937,6,실전적이지만 따라해보기엔 중도포기자도 많이 배출할만한 결코 쉽지 않은 책
9788973378937,4,이론적으로 도움이 거의 안 된다는 점에서는 확실히 실전적. 타임킬링 & 의욕고취용.
9788973378937,10,이외수님의 글쓰기 비법서. 나름 재밌습니다.
9788973378937,8,아직 다 못읽었지만..글쓰는 공부 하기엔 괜찮은듯..
9788973378937,10,꼭사고싶었던 책이고  부담없이 읽을수 있어 좋아요 수능에도 도움이 될거라고 생각해
9788973378937,10,재밌는 설명과 재치있는 설명
9788973378937,8,"글쓰기는 기본에 충실해야 하고, 진실된 마음이어야 한다는 말 공감합니다."
9788973378937,10,역시 이외수...대단하십니다...
9788973378937,8,논술적인 글쓰기에서 벗어나자!! 이제는 감성적인 글쓰기에 도전한다!!
9788973378937,10,"글을 쓰는,혹은 쓰고 싶은 사람들의 필독서 아닐까. 한글자 한글자 가르침을 받는기"
9788973378937,10,"떴다. 떴어. 글쓰기 대장이 되어 보자. 단어채집부터 속성, 본성 파악까지 도사가"
9788973378937,10,쓰는이의 '고통'이 읽는이의 '행복'이 될 때 까지
9788973378937,8,좋아요...지금까지 본 글쓰기 책중 가장 쉽게 표현되어 있어서..
9788973378937,6,"이 책대로 한다면 개성적 작가가 많을듯, 그러나, 약간의 부작용도 있을 듯 하다."
9788934925415,8,"고백하자면, 내가 건방졌던 것 같다. 삼국지 마니아라고 하기엔 지식은 턱없이 부족하나, 삼국지에 대한 애정과 관심은 조금 있는 편이어서 여태까지 삼국지｀강의｀류의 책들은 시시할 거라 생각했다.｀차라리 소설이나 한번 더 읽지!｀라고. 소설과는 또 다른 재미와 교훈이 가득함을 인정해야겠다."
9788934925415,6,"삼국지를 좋아하면 읽어 볼만한 책, 하지만 도입부를 지나면 신선함이 점차 떨어짐...사료를 근거해서 저자가 판단하지만 다소 주관적이며 개연성이 부족한듯..그러나 삼국지 매니아에게는 그래도 재밋는책 같에요"
9788934925415,6,어릴적 내기억속의 삼국지 - ˝관운장이 죽었을때 책 읽기를 멈춘기억˝
9788934925415,10,"역시 중국의 석학 이중텐 교수의 진가가 돋보인다. 철저한 고증에 의한 삼국지의 실체적 진실을 파헤쳐, 그 시대상황을 눈으로 보는 듯 생생하게 역사적 사건을 그려내는데, 저자의 절묘한 비유와 유려한 글솜씨는 지금까지 읽었던 삼국지와는 또다른 감동과 재미를 안겨준다."
9788934925415,10,인문학의 진수를 찾아볼 수 있다. 처세와 용인의 실용적인 부분도 물론이고 감동적인 면도 볼 수 있다.
9788934925415,10,"삼국지 관련 서적중 가장 알차다. 여러 의견을 종합해서 다루고 있어, 많은 생각거리를 던져 준다."
9788934925415,10,삼국지에 대하여 일반적으로 잘 표현되어 있다.
9788934925415,6,자기 혼자 심취해서.. 대단하죠~ 그러는데 글쎄??
9788934925415,10,재미있음.지적호기심충족.내용충실.중국인견해의 배경이해하겠음.
9788934925415,10,왜 중국인들이 열광했는지 그 진수를 보여준다. 책 두께도 장난 아니다.
9788976415882,10,내가 릴케의 독특한 시어나 이 시인의 문학철학의 매력을 알게 된 것은 입시를 위한 시해석의 시기를 지나서 였다. 굵직한 한국의 시인들에게서 발견되는 특유의 릴케적 개념들을 설명해주는 이 책은 우리의 시인들의 시 이해를 위한 길잡이가 되어주었다.
9788976415882,2,별로;;
9788901061252,10,인문학도 김용규 저자의 철학카페 시리즈 중 첫 저작인 문학을 만나다는 문학에 대한 철학적 해석이자 서평이라 볼 수 있다. 술술 읽히지만 그 속에 숨겨진 통찰과 혜안은 출간일으로부터 11년이 지난 한국사회에서 통용되는 논리를 지니고 있다.
9788901061252,10,이 책을 읽고 저자의 책들을 모두 구매하지 않을 수 없었다
9788901061252,10,난 언제쯤 문학작품을 보면서 이런 생각을 하는 능력을 가질수 있을까?
9788901061252,10,진작 읽었어야!! 완전 좋아
9788901061252,10,문학과 철학의 만남이 이토록 절묘할 수가~~정말 많은 사람들이 이 책을 만났으면 좋겠다~~
9788901061252,10,"작품 속 행간의 의미와 시대적 배경, 그리고 철학적 질문들을 소설이라는 소재를 통해서 풀어쓴 웰메이드 철학 입문서."
9788901061252,10,문학작품에 드러난 작가의 철학정신을 이해할 수 있게 해주었다.
9788901061252,10,"이 책을 보고 나서 
이 책에서 다룬 책을 읽고 싶어졌습니다."
9788901061252,8,철학을 잘 모르던 제게 흥미를 불러일으켜 생각을 할 수 있는 계기를 마련해준 책이에요. 재미있게 철학에 한걸음 더 다가갈 수 있게 만드는 디딤돌 같은 책입니다.
9788901061252,10,예전에 읽고 엄청 좋아했습니다
9788901061252,10,모두가 어렵다고 생각하는 철학을 우리가 잘아는 소설들을 통해 접근하여 철학을 모르는 사람들도 재밌게 읽고 철학에 입문할 수 있다
9788901061252,10,철학카페에서 시 읽기를 먼저 읽었어요. 그런데 너무 좋아 작가님의 다른 책을 다시 구입했죠. 문학과 철학의 관계를 명쾌하고 쉽게 풀어놔서 참 재미있었어요.
9788901061252,8,문학과철학은썸타는관계처럼친구인듯아닌듯하다/자주만나기도하지만아주외따로떨어져있기도하다/전자에해당하는이책은가장우정어린만남을보여준다/강신주와는비교가되지않는다/견강부회도전혀없다/오직인간과인생우리들의세계에대한사랑과친밀함만이넘친다
9788901061252,10,문득... 길을 묻는... 후배들에게 선물하기 참좋네요... 막막함이 다르지 않아 쉽게 입이 열리지 않을 때요...
9788901061252,10,고전문학에 대한 혜안으로 이 만큼 밝은 책도 없을 듯
9788901061252,8,철학카페에서 시읽기를 선물받고 마음에 들어서 문학읽기도 구매해 보게 되었습니다.집에 두고 가끔 생각날 때 꺼내 볼만한 책입니다. :)
9788901061252,8,쉽게 써내려간 철학입문서...차한잔과 편안히 읽을 수 있을듯..
9788901061252,10,교양으로 봐도 좋고 입문서로 봐도 좋다. 추천
9788901061252,10,아직 읽어보진 않았지만 사람들이 좋다고 하시니까 한번 읽어보려고요.
9788901061252,8,저자의 철학적 시선으로 본 문학들은 새롭게 다가와 흥미롭고 재미났다.
9788901061252,10,"묵은 시간들을 묵어가는 글들로 만나려 합니다. 그러다보면 농익은 글들을 언젠가 저도 토해낼 수 있겠지요. 쿨럭,, 바람 불어도 봄입니다."
9788901061252,10,고전에 대한 최고의 입문서입니다. 요즘 인문학 열풍에 힘입어 가벼운 입문서들이 많이 나오지만 이 책만큼 풍성한 책은 찾기 힘들것 같습니다. 김용규님의 책은 한권도 빼지 않고 읽을 것을 추천합니다.
9788901061252,10,"반값해서 단돈 육천원인데요, 이유불문하고 사서 읽어보세요. 이런거 처음써보는데 그만큼 강추합니다."
9788901061252,10,"철학이라서 어려울 줄 알았는데, 어렵지 않고 재미있게 읽을 수 있는 책인 것 같아요. 책에서 다루는 작품들도 재미있는 내용들이구요."
9788901061252,10,지식은 나눠도 지혜는 나눌 수 없다. 문학을 통한 철학을 바탕으로 정신분열증처럼 분리되어 있던 지식을 지혜로 통합하는데 큰 도움이 된다.
9788901061252,10,쉽고 재미있다. 다루는 책들은 필히 읽고 소장까지 해야할 절대 고전들이다.
9788901061252,10,도서관에서 대출해서 읽었던 책인데 소장가치가 충분한듯해서 구매했어요. 목차에 나오는 책들을 먼저 읽고 이책은 후에 있는게 좋을듯하네요.
9788901061252,8,"작년 1학기, 교양 수업때문에 샀던 책. 생각보다 철학이 재미있다는 걸 깨닫게 해주었다."
9788901061252,10,문학과 철학의 경계사이에서 나름대로의 재밌는 해석을 하고있네요. 이렇게 좋은 책이 싼 가격으로 떨어질줄이야..당장 구입!!!
9788901061252,8,"문학 쪼개기의 진수를 보여주는 책~!  이런 부류의 책들을 종종 읽어왔지만, 가려운데를 이렇듯 시원하게 긁어주는 책은 없었다~!!"
9788901061252,10,가끔 카페에 우아하게 앉아 진한 에스프레소 한잔 마시고 싶은 날이 있다..그러나 늘 생각대로 실천하며 살진 못하는데 이렇게 커피 한잔 옆에 두고 이렇게 쉽게 책과 친해질수 있다면 카페가 아니라도 좋은듯.
9788901061252,2,도저히 좋게 봐줄 수 없는 책.. 저자가 충분히 고민하고 쓴 글이 맞는지 의심이 든다.
9788901061252,8,잘 읽힙니다. 재미있습니다. 일독을 권합니다. 추천
9788901061252,10,철학의 향기와 문학의 향기가 그윽하게 어우러진 커피를 마시는 느낌이다.
9788901061252,10,"철학도 문학도 모두 궁금한
철학도 문학도 모두 어려운
이런 사람에게 꼭 맞는 맞춤책"
9788901061252,10,오랜만에 마음에 드는 철학책
9788901061252,10,삶과 우리사회 자신에 대해 다시 생각하게 만드는 쉽고도 위대한 철학 필독서!!!
9788901061252,10,완전 마음에 드는 책~!! 작가의 시선이 많은 공감을 주는 책~!!
9788901061252,6,기본으로 문학작품을 읽지 않았더라면 낭패
9788901061252,8,갓 볶은 커피의 향내를 맡으며 우아하게 책을 읽는 모습이 연상된달까.. 맛깔스럽다.
9788901061252,8,만족스러운 종합선물세트..
9788901061252,8,"가격대비 우수한 책 입니다.
적극 추천합니다."
9788901061252,8,책을 단순히 읽는 것이 아니라 생각하면서 읽어야 한다는 것을 깨닫게 해준 책...
9788901061252,10,알기쉬운 철학과 문학의 만남
9788901061252,8,경직되어 있던 나의 책 읽기에 오래전의 친구처럼 찾아와 손을 내밀어준 고마운...
9788901061252,10,어렵지 않게 철학을 흥미롭게 들려준다
9788901061252,8,"제목과 내용이 고루고루 좋을 것 같습니다.
추천받아 산 책"
9788901061252,10,철학과 문학 왠지 어렵다는 느낌으로 부터 서서히 벗어나게 하는 책
9788901061252,8,책을 읽는 새로운 관점을 제시해주는 책
9788901061252,8,정말 까페에서 읽어도 딱 좋을 부담없는 철학과 문학의 만남.
9788958621300,10,이게 인문학이다. 스스로 전문가라고 칭하는 사람들의 가비지 텍스트에서 벗어나고 싶다면 이 책을 추천합니다.
9788958621300,8,"재미지고 유익하다. 신화,민담,여행기 등 지금까지 전해져오는 이야기에 이러한 뒷이야기가 담겨 있다는 전문가들의 해설이 더해져서 더 재미지게 읽었다. 다만 이 책에 실린 이야기의 원문을 미리 읽어보고 접한다면 더 재미나게 읽게 될 것 같다."
9788958621300,8,"고전여행을도와주는 친절한 책. 근데 가이드들, 천성이 그다지 싹싹하진 않은 듯."
9788991136120,10,요즘 책이랑 다르게 음미하게 되네요. 만족합니다.
9788991136120,8,안정효 선생 글 찾아 읽던 가운데 읽게 된 글쓰기 글. 주로 소설쓰기를 다루지만 수필쓰기 및 작가가 알아야 할 사업지식도 나온다. 오래동안 글만 써서 살아 오신 분답게 실감나는 책. 글쓰기로 먹고살고싶은 사람은 읽으면 도움이 되겠다.
9788991136120,10,"한번 읽고 말 책이 아니라, 두고두고 다시 읽을 책. 글쓰는 방법을 바꾸면 생각하는 방법이 바뀐다."
9788991136120,10,"글쓰기에 대한 체계적인 내용이 담겨 있고, 이 책을 통해 글을 쓴다는 것에 대한 다양한 사색을 할 수 있었습니다."
9788991136120,10,참 대단한 책입니다. 소설쓰기의 고전. 작가의 정성이 고스란히 담긴 책입니다.
9788991136120,10,글을 어찌 써야 하는가. 그 방향을 알려주는 책.
9788991136120,10,"안정효의 글쓰기 만보는 소설 쓰기에 관한 책이다. 이 책을 읽고 나면 소설 한 편, 장편보다는 짧은 단편 한 편 써보고 싶다는 강렬한 유혹을 느끼게 된다."
9788991136120,8,또박또박 짚어가면서 꼼꼼하게 일러준다. 자존심을 챙기고 제대로 쓰라는 말씀.
9788991136120,10,해외 작법서에서 문화적 이질감을 느낀 분이라면 한 번 이 책을 읽어보시길
9788991136120,8,노력하는 글쓰기. 천재병에 걸린 사람들에게 권하고싶다.
9788991136120,10,글쓸때마다 나오는 버릇들에 뜨끔하게 만들어주네요.
9788991136120,10,속 시원한 작법서다.
9788991136120,8,안 읽은 것보다는 도움이 된다. 확실히.
9788991136120,10,일기쓰기부터 소설까지... 당신은 탁월한 선택을 하신 겁니다
9788991136120,8,편하게 읽으면서도 그간의 나쁜 버릇이 떠올라 뜨끔했습니다. 두어 번 더 봐야할 듯
9788991136120,8,"진작에 읽었으면 좋았을걸, 하는 생각이 들었다. 글쓰기와 교정에 많은 도움이 되었다"
9788936471118,10,이장욱은 '진짜' 라는 생각이 든다. 그는 '척' 하는 것과 거리가 멀고 문학만을 본다. 권력을 향한 눈길조차 없다. 그저 쓰는 자다. 그러니 '정말'을 쓰는 자가 되는 거다. 투신이라는 말도 그에겐 어울리지 않는다.
9788936471118,8,시인이자 소설가인 이장욱의 현대시 읽기. 한국현대시의 흐름 속에서 새로운 미학을  발견하려는 그의 노력과 애정이 돋보인다.
9788986377286,6,번역이 마음에 안 들지만 내용 진짜 좋다.
9788986377286,8,심심하거나 우울하거나 좌절스럽거나 문득절망감에 빠질 때읽는다.
9788986377286,8,작가란 성실함 그 자체! 그 자세를 어떻게 하면 계속 유지시킬 수 있는가를 생각해 보게하는 책.
9788986377286,10,맛있는 책이었다.
9788986377286,10,시나리오 공부를 하는 사람에게 이만큼 위로가 되는 책도 없다. 선물로 또한권 구입.
9788986377286,10,"아직 읽어보진 않았지만, 재밌게 읽을 수 있을 것 같아요"
9788986377286,10,"시나리오 작가를 꿈꾼다면 반드시 읽어야할 필독서
좋은 습관으로 꿈을 이루세요"
9788986377286,8,처음엔 별로였는데 글을 쓰다보면 피가 되고 살이 되는 조언들. 그들도 다르지 않아..
9788957490440,6,재미는 없지만 유익한 책입니다
9788952201751,8,간략한 주류 판타지의 계열을 정리하고 판타지의 배경을 다룬다. 흥미있는 정리가 돋보이지만 한편으로는 저자(혹은 역자)의 종교관이 너무 강하게 반영되어 있다는 생각도 든다.
9788952201751,10,짧지만 알찬
9788971991589,8,"김시습의 여러 일화들은 들어 왔는데, 이렇게 한 권의 책으로 차근차근 보는 것도 좋을 거 같네요"
9788971991589,10,간호윤쌤의 아름다운 우리 고소설을 읽다가 정말 궁급해진 김시습의 생각!~
9788934909286,8,"우리말의 역사와 발전 과정을 알려준다. 다만 예전에 나온 책이라 요즘 인터넷 용어는 별로 반영이 안 되어 있고, 영어 줄임말만 나온 게 좀 아쉬움."
9788937406775,10,"택배온 책을 부랴부랴 펼치니...  윤동주시인의 친필 원고가 사진으로 찍어있고 그 밑에,  똑같은 시가 활자로  제시되어있다. 진짜구나...  그 시가 다 있었구나. 고인을 뵙는 듯 감개무량,  눈물이 고인다.귀한 책이며,  그 시를 잘 보관해준 지인들에게 감사하며, 윤동주시인이 그립다"
9788937406775,10,완전 깨끗해요. 3년 동안 찾던 책을 드디어 구해서 너무 기뻐요.
9788942340392,10,좋아요^^ 배송도 빨라서!! 감사합니다
9788942340392,10,"이 책 없이 공부하다 화딱지 나서 급하게 구입했는데, 진작 구입할 걸 그랬습니다.."
9788942340392,8,좋아요^^
8000000000037,10,"한참동안 구하기 어려운 책이었는데, 조금씩 다시 나오는 모양이다. 옛날 판본 그대로, 표지도 바뀌지 않고 나와 이빠진 전집을 채워넣었는데 이질감이 별로 없다."
9788931002508,8,문학이론에 대한 꼼꼼한 저술. 시와 소설에 대해 새롭게 알게 해 준 책.추천합니다
9788974110536,10,한국 고전소설의 전반적인 특징과 주요 작품을 다루고 있으며 부록 또한 참고할만하다
9791186668337,10,시집도 좋았는데 평론집도 너무 좋아요
9791186668337,10,읽으면서 점점 빠져들었습니다 좋은 글 감사합니다
9791186668337,10,"일반 독자가 읽어도 좋지만, 시인이 읽어보면 더 좋을 듯 합니다. 시 읽는 맛을 느끼게 합니다."
9791190105125,10,김시습의 시와 생애를 잘 정리하여 썼네요. 어려운 한시를 쉽게 잘 풀어서 이해하기 편하게 쓰셨네요.
9791190105125,10,김시습의 인생관을 시를 통해 관하는 것은 새로운 맛을  느끼게 한다. 시대별로 시를  분류하여 김시습을 이해하는데 지루하지 않았다. 학생들 학습교재로  주천하고 싶다.
9788936486631,2,"D.H.로런스가 말하는 진리와 문명의 본질을 다뤘으되, 저자의 학문 밖에서의 행보는 참된 도리조차 모르는 듯하여 독자로서 실망이 크다."
9788936486631,10,오래된 미래!
9791159055423,4,"읽으면서, 짜증나는 책."
9791159055423,8,비평은 비겁한 평이 아니다. 비평은 비평다워야 함을 보여주는 책.
9788936486624,2,시대를 읽지 못하는 이가 D.H.로런스의 사유를 빌어 다른 세계를 모색한들 무슨 소용일까? 지식인이라는 사람의 행보가 아주 실망스러워서 참고하고 싶지 않은 서적.알료샤님 백낙청씨의 여정을 면밀히 검토했으니 실망한 마음을 표현했겠죠? 비난을 하려거든 제대로 파악하고 하시길.
9788936486624,10,"[서양의 개벽 사상가 D.H 로런스]와 박사학위 논문 번역본은, 백선생의 로런스 연구의 출발과 마무리이면서, 한 서양문학연구가가 어떻게 우리의 주체적 학문의 빼어난 경지에 이르게 되었는지를 보여주는 기록인 셈이어서, 가슴 두근두근한 기대를 갖게 한다."
9791165392246,10,시의 적절한 내용이라는 평이 있어서 선물하기 위해 더 구매했다. 구매하고 나니 ebook이...
9791165392246,10,"본문은 정독하지는 못할 것 같지만 자연문학, 생태문학에 대한 교양서와 같은 느낌이다. 표지가 깨끗한 느낌이라 받을 때 기분좋았다. 기대이상."
9791189280826,10,이름이 버거 아니고 버저라네요
9788952241641,10,우리나라에 출간된 작품들이 없어서 그건 좀 아쉬웠습니다. 문학 작품을 분석하는 데 관심이 있으면 흥미롭게 읽을 수 있어요. 개인적으로 가장 읽어보고 싶은 작가는 토머스 킹.
9791163740353,10,"노벨문학상 수상작에 대한 또다른 시각인 것 같아 신선했고, 전체적인 디자인도 마음에듭니다.수상작을 읽은 후 인터뷰를 읽으면 좀 더 이해도가 높아져요. 좋은기획 감사합니다."
9791163740353,10,처음으로 북펀딩해서 받아본 책이라 의미있는책이다.커버도 고급스럽고 더 설명하지 않아도 되는 최고의 작가들의 인터뷰이니 기대된다개인적으로 쉼보르스카를 좋아해서 먼저 읽어볼 예정이다.
9791163740353,10,판형이 조금 크지만  고급진 표지. 엽서도 고급지고요
9791163740353,10,"북펀드 참여는 처음인데, 막상 책을 받으니 뭔가 더 의미와 정감이 느껴집니다.파트릭 모디아노(357)시간은 폭격처럼 파괴적이다."
9791163740353,10,좋은책 일거란 예감에 북펀딩를 통해서 구입하게 되었는데내 예상이 적중했다.그동안 다른 매체에서 볼수없었던 작가들을 만나고그들의 이야기를 들을 수 있었다2020년의 독서는 아마 이책으로 시작될것이고 이책으로 기억될것이다
9791163740353,10,노벨문학상을 받은 작가들은 어떤 생각을 가지고 글을 썻는지 어떤것들에 영감을 받았는지 궁금했는데 잘표현되어있어서 펀드참여에 뿌듯합니다
9791163740353,10,아름답고 황홀하다
9791163740353,10,인터뷰집을 좋아해 작가란 무엇인가를 읽고 북펀드에 참여하게 됐다. 좋은 작품들과 작가들이 수상 이후 더 많이 알려졌으면 하는 마음이다
9791163740353,10,좋아요! 제본상태도 좋고 같이 받은 엽서도 멋있어요. 내용은 두고두고 읽으려구요
9791163740353,10,"방 구석에 앉아 조용히 여행을 떠난다. 세상 곳곳에 숨겨져 있는 보물을 찾으러 나선듯, 돌아올 길 가득히 채워져 있을 지적 풍요를 기대하면서. 대화를 시작하기 앞서 좋아하는 차를 끓이고 함께 받은 사진을 통해 숨결을 더욱 생생히 한다. 다가올 새해를 23명의 대가들과 함께 맞이하는 즐거움이란!"
9791163740353,10,"작가의 외출, 작가의 산책, 작가의 골목, 작가의 카페, 작가의 시장, 작가의 나무, 작가의 극장, 작가의 광장, 작가의 해변, 작가의 꽃, 작가의 식탁, 작가의 거실, 작가의 책상, 작가의 창문, 작가의 풍경 그리고 작가의 몸. 그래서 이야기가 묻어있을 것만 같은 사진입니다."
9791163740353,10,북펀드 참여는 처음이다. 멀게만 느껴졌던 노벨문학상 작가들의 생생한 사진과 더불어 그들의 심도 깊은 인터뷰를 읽으며 그들에게 한걸음 가까이 다가간 느낌이 들었다. 그들의 작품도 하나씩 읽어보면서 그들이 알고 싶어졌다. 더 가까이 다가가고 싶어졌다.
9791163740353,10,익히 알다시피 노벨문학상이란것이 주는 의미는 굳이 설명할 필요가 없을것이다그러한 노벨문학상 작가23인과의 인터뷰책의서문을 읽는것만으로도 흥분을 감출 수 없었다이 책은 새롭게 다가오는 2020년을 맞이하며 나에게 주는 가장 값진 선물이 될것이라 믿어 의심치 않는다
9791163740353,10,북 펀드에 참여해본 후 의미가  더해져 더욱더 좋습니다.^^ 기대해봅니다.^^
9791163740353,10,기대하는 중입니다 :) 북펀드 의미가 있는 것 같아요 굿굿
9788952120564,10,영화평에 관한 책이지만 웬만한 개론서 못지 않다. 얇지만 결코 얇지 않는 책.
9791190263023,10,"언감생심 소설 쓰기는 꿈도 못 꿔본 사람이지만 흥미롭고 좋았다. 일단 책을 좋아하는 사람이면 외면하기 쉽지 않은 표지! 소설 쓰기뿐 아니라  소설 읽기에 대한 가이드이기도 해서 일반독자에게도 도움이 된다. 꼭지마다 꼼꼼하고 알찬 소설 목록은 이 책의 최대 장점, 마치 선물과도 같다."
9791189817176,10,재밌게 읽고 있어요 ^^
9791164840076,10,내가 과연 시나리오를 쓸 수 있을까? 쓸 수 있다. 관계도와 넘버링만 있으면.  그동안 만지작거리던 소재가 있었다면 바로 작업에 착수할 수 있게 해준다.  신 넘버도 쓸 줄 몰랐던 사람이 시나리오를 완성할 수 있게 하는 마법같은 작법이 들어있다.
9788937443497,2,비평가랍시고 지는 비평하고 남의 평은 지우면 스스로 존재가치를 부정하는거임....하긴 그딴거 모르겠지
9791156332541,8,"이름도 몰랐던 작가들이 글쓰기와 삶의 태도에 대해 나와 비슷한 생각을 가지고 있고, 내가 어렴풋하게 생각하던 것을 더 분명하고 구체적으로 표현하고 있었다. 그 점에서 많은 위로를 받았고, 내가 어떻게 살아가고 어떻게 글을 써야 하는지 그 방향을 잡는 데도 도움이 되었다."
9791156332541,8,[작가란무엇인가] 의 신작 그 정도...
9791156332541,10,"이런 귀한 시리즈의 책을 출판해주고 다른 출판사가 다르긴 다르네. 문학 뿐 아니라 예술, 창작과 관련된 일을 하는 모든 사람들에게 유익할 책."
9791156332541,10,‘작가란 무엇인가‘ 시리즈 전3권을 재밌게 봤었는데 이렇게 4권이 나오게 되다니 뜻밖입니다. 이번엔 지난 번과는 달리 각각의 질문들에 대해서 여러 작가들의 답변을 모아놓았습니다. 일종의 백과사전식이라서 보기에도 깔끔하고 정리되는 느낌입니다. 작가와 창작에 대해 더 쉽게 알 수 있어 좋네요.
9788931011562,10,"전쟁을 문학과 이렇게 엮을 수도 있군요. 시대가 시대라 한국전쟁이란 주제가 고리타분해졌는지 모르지만, 이 책 자체는 문장이며 사료며 보통 내공이 아닙니다. 역사적 깊이뿐 아니라 문학적 깊이까지. 아니, 문학이 바탕이 되어 역사적 문맥이 제대로 읽히는 듯. 굉장한 책입니다."
9791188343263,10,"십대, 이십대 독자들로 한정지으면 참 구슬프지만 만일 내 나이 십대, 이십대에 이 책을 읽었더라면 지금 다른 길을 걷고 있을지도 모르겠다는 생각이 들 정도로 읽는 동안 좋았다. 리얼하고 또 리얼한 돈 이야기가 빠지지 않는 것 또한 참으로 좋았다. 살아가는 내내 가난하기는 싫은 게 또 사실이니."
9791188343263,6,"문학하는 마음은 거창하지 않다. 밥 먹고 문학하고 친구 만나고 문학하고 회사 다니며 문학하는 마음은 일상에,  그렇게 늘 함께 있다. 이 책을 통해, 먹고 사는 일에 소요되는 많은 시간을 문학에 할애하는 성실한 생활인들을 보았다."
9791188343263,6,"문학하는 마음, 요즘 좀 슬럼프였는데 그 간절한 마음에 다시 불을 밝히는 계기는 되었다. 다만 ‘출판하는 마음’에 비해서는 격이 많이 떨어진다. 저자의 글이 가장 재미없고 질문도 깊이가 없으며 개인적 친분 과시(박준, 금정연, 서효인 등과의)도 불편했다. 그들만의 문학판을 보고 싶진 않았기에"
9791188343263,10,글이 쓰이기까지 그 글을 만드는 이들이 삶의 구체적 현실 속에서 무얼 어떻게 얼마나 ‘먹고 마시는지‘ 볼 수 있다. 글쓰기와 문학에 대한 낭만성에서 물질성으로 나아간다. 쓰려는 이들로부터 ‘그러므로‘ 혹은 ‘그럼에도 불구하고‘를 건네 받는다.
9791188343263,10,신형철 평론가를 만날 수 있다는 점 하나만으로도 충분히 가치가 있다. 다른 문학계 직업을 가진분들의 이야기도 무척 흥미롭고 재미있다.
9791188343263,8,문학하는 마음. 쓰는 사람들.그 마음이 어딘가 누구에게 닿기를 바라는 사람들의 이야기.그 마음은 독자가 읽으며 품는 마음으로 완성된다. 완성될것이다. 그들도 확신할 수없어 서성이고 망설이고 마뜩찮아한다. 읽으머 좋기도하지만 갸우뚱했을 순간도 굳이 미안해하지않아도... 곱씹을 부분도 있다.
9791188343263,10,분야는 조금씩 다르지만 ‘문학‘을 매개로 ‘문학인‘으로서 살고자 하는 11명의 진솔한 마음이 독자의 마음을 뒤흔든다. 인터뷰어의 마음까지 더해져 빛을 발한다. 현실과의 타협속에서도 ‘문학‘을 향한 꿈과 간절함을 포기할 수 없는 그 마음들이 멋지다. 아름답다.
9791188343263,10,"열한 명의 인터뷰이야 두말할 필요 없이 무척 매력적이고, ‘김필균‘이라는 인터뷰어의 발견 또한 신선하고 즐겁다. 저자님, 에세이도 한번 써 주세요! ^-^"
9791188343263,10,"문학하는 마음, 문학을 사랑하는 사람들의 마음, 이 책 한 권에 가득."
9791188343263,10,"문학과 삶, 그 사이 어디께를 걷는 마음으로."
9791188343263,8,문학이라는 숲에서 만난 이런 저런 나무들의 이야기에 귀기울이는 마음이 즐겁습니다.
9791188343263,8,문학하는 마음인데 문학하는 사람들의 적나라한 수입이 많이 적혀 있어서 보는 내내 마음 한구석이 무거웠다 그럼에도 애정으로 계속하는 분들 덕분에 내가 좋은 글을 읽을 수 있어서 감사하다
9791188343263,10,각 분야에서 잘 골라 진솔한 이야기를 듣는 게 좋았습니다.
9791188343263,10,"갱지에 가벼운 느낌의 책 자체도 맘에 들고, 문학을 직업으로 삼으면서 이 세상을 살아갈 수 있을지에 대한 솔직한 고민들도 와닿았습니다. ^^"
9791188343263,10,"아주 최소한의 필터링만 통과한다면, 문학을 호불호 말고 그 무엇으로, 어디까지 평할 수 있을까. ‘마음‘이 궁금할 때 만난 동시대의 마음들."
9791188343263,8,글을 쓰는 사람들의 이야기일 줄 알았다. 하지만 문학이라는 것은 조금 세부적으로 다르다는 것. 좋은 기록이었다.
9791188343263,8,"저자 목록에 이미 마음을 빼앗긴 책. 그 마음을 몰라서가 아니라, 그 마음을 함께하고 싶어서 구매."
9791188343263,10,출판계에 관심이 생겼다가 요즘 문학이 너무 좋아서 문학과 관련된 일을 하고 싶다고 생각했는데 일하는 마음 시리즈에 출판과 문학이 연속으로 나와서 너무 좋네요.ㅠㅠ 두근거리는 마음으로 읽고 있습니다!
9791188343263,8,표준국어대사전에 따르면 문학은 ‘사상이나 감정을 언어로 표현한 예술‘이다. 그러므로 사실 문학은 꼭 책의 형태가 아닐 수도 있다. 유튜브로 문학하는 시대 앞에 어쩌면 우리는 과거의 문학을 놓지 않으려 안간힘을 쓰고 있는지 모르겠다.
9791188343263,10,좋았습니다 다른면을 기대하기 보다 그들은 어떤 모습일까 궁금하기도 하고 나중에는 필자에 대한 궁금증이 생겼습니다 그들은 어떤 생활을 할까? 사생활을 궁금해 하며 재미있게 잘 읽었습니다 앞으로 이런 기획이 많아지길 바랍니다
9791188343263,10,“문학으로 먹고살 수 있나요?” 저도 궁금했거든요저에겐 효자손같은 한 권이네요
9791188343263,10,문학하는 마음을 알고 싶었다
9791188343263,10,출판하는 마음을 즐겁게 봤기에  문학하는 마음에도 믿음이 있었다. 또한 좋아하는 작가들의 인터뷰도 많아서 기대를 많이 했다.역시 기대했던 대로 작가들의 다른 면들을 볼 수 있어서 좋았고 그 전에 읽었던 작품들도 새롭게 다가왔다.
9791188343263,10,문학병(!)에 걸린 편집자가 문학을 직업으로 하는 사람들을 인터뷰 함. 나도 약간 문학병에 걸린걸지도....^^
9791188343263,10,출판하는 마음도 심쿵했는데 이번 문학하는 마음은 심쿵쿵! 입니다♥
9791188343263,10,문학을 하는 마음이란 나 아닌 것들을 껴안는 것. 낮고 여린 소리에 귀 기울이는 것.
9791188343263,10,내용이 좋아요
9791188343263,10,대(단하신)선배님들로부터 문학하는 마음을 배워갑니다.
9791188343263,10,좋아하는 작가들의 마음들을 엿볼 수 있어 좋았구더 많은 작품들로 작가들과 만나고 싶다는 바램이 더 커졌다
9791188343263,10,시인이 꿈인 현 고등학생 2학년입니다. 시인이라는 꿈을 남들에게 보일 때마다 ˝그래가지고 밥은 먹고 살겠어?˝ 라는 말을 종종 듣습니다. 그래서 한동안 부모님에게 꿈을 숨긴 적도 있습니다. 이 책으로 꿈에 대한 불안이 사라졌다 할 수는 없겠지만 그래도 문학가라는 타이틀을 더 사랑하게 됐습니다
9791188343263,10,아주 진솔한 이야기가 담겨있을것 같습니다.
9791188343263,10,˝그놈의 문학병˝을 버리지 않고 문학하는 마음으로 살아갈 수 있겠다는 용기를 얻었습니다.
9791188343263,10,문학하고 싶어하는 마음을 담아 읽고 있습니다. 기다린 만큼의 가치를 돌려받는 중이에요.
9791188343263,6,"절반 정도 읽었는데, 생각보다 성긴 이야기에 아쉬움이... 나머지 반은 부디 촘촘했으면."
9791188343263,8,좋아하는 분들 많이 수록된 책이라 너무 좋아요. 특히 최은영 작가님 너무 사랑합니다. 최은영 작가님 읽고 싶어서 펀딩했어요
9791188343263,10,"어제 배송확인을 하고 늦은밤..읽기 시작했습니다. 저자의, 온몸이 ‘귀‘라는건 또 어떤 마음일까 생각하면서..함께 ‘작은 귀‘가 되는 심정으로 하나하나 읽어볼까 합니다. 무엇보다 제가 좋아하는 작가들이 많이 나와서 더 반갑네요."
9791188343263,10,문학으로 먹고살 수는 없겠으나 문학이란 질문과 회의를 통과한 후에야 비로소 살 수 있을 테니.
9791188343263,10,문학을 전공하는 사람이라 이 책을 살 수밖에 없었습니다. 많이 기대하고 있어요!
9791188343263,10,제목에서부터 마음을 홀랑 뺏겼어요!문학하는 마음!설레면서 기다렸던 책이에요!
9791188343263,10,책 배송오는 7월 11일만 눈빠져라 기다립니다
9791188343263,10,어린 문학가를 키우고 싶은 엄마이자 교사라 더 기대하며 기다립니다.
9791188343263,10,기대됩니다 얼른 도착했으면좋겠어요
9791188343263,10,문학을 꿈꾸지만 현실의 벽에 부딪힌 경우들이 떠오릅니다. 작가가 된다고 해도 크게 달라지지 않을텐데요. 현업에 종사하는 이들의 말을 가까이서 들을 수 있는 기회가 되길 바랍니다.
9791188343263,10,"문학하는 마음, 그것을 받아치고 받아들이며 마침내 받아쓰는 ‘진짜’의 마음."
9791188343263,10,문학하는 마음을 읽고 출판하는 마음도 읽어봐야겠습니다.
9791188343263,10,기다리고 있습니다^~^
9791188343263,10,문학하고 싶은 마음을 담아 기다립니다.
9791188343263,10,언제나오나요ㅜㅠ
9791156332473,6,내용은 그저그런데 번역과 문장이 엉망이라 가독성이 떨어집니다. 이제 막 4장 읽고 있는데 예시로 든 영화 속 주인공 이름이 맥그래스인지 맥스리스인지 맥그리스인지 잘 모르겠네요. 글을 계속 읽게하기 위한 미스터리였다면 대실패였습니다.
9791156332473,10,소설 창작에 관심있는 분이라면 권해드립니다.
9791186198568,4,"박완서에 대해 강의하신 분을 제외하고는 도식적, 이념 편향적이라고 할 밖에."
9791159053993,10,"시를 시 밖으로 나오게 하여 적절한 용어, 개념, 작품을 제시하면서 삶을 세밀하게 관찰하고 되돌아보게 해 준 책이었습니다."
9791158585525,8,"처음 책을 읽고 느낀 생각은 ‘제목 참 잘지었다.‘였다.그녀는 88편의 시를 골랐고 그녀의 생각과 함께 우리에게 보내주었다.그녀는 아버지 나태주 시인을 닮아 따뜻한 감성을 지녔지만 , 한편으로는 냉정하기도 하다.글에 서린 그녀의 슬픔을 자연스럽게 잘 녹여낸 책이라고 생각한다."
9791158585525,10,"아는 분 추천으로 우연히 접하게 된 책입니다.감성이 깊어져가는 요즘 읽기에 참 좋았고, 개인적으로도 많은 생각을 하는 계기가 된 책이네요.추천합니다."
9791158585525,10,남여 모두 구매연령이 40대에 집중되어 있네요. 4050을 위한 필독서로 강추합니다^^
9791158585525,10,친구가 추천해줘서 알게 되었는데 참 좋네요~~ 마음이 편안해지는 것 같아요 해설도 잘 보았네요~~
9791158585525,10,읽으면서 힐링되었습니다. 일상속에서 여유를 못느꼇었는데 이 책을 읽고 여유를 찾은 느낌입니다다시 한번 생각하게 되는 시들이 많았고 여운이 진하게 남았어요다음 출간도 기다려지네요
9791158585525,10,잠자고 있던 감성을 깨워준 주옥같은 글을 만나게 된거같아 반갑네요~~
9791158585525,10,친구의 추천으로 읽게된 책한권. 팍팍한 일상에 따뜻한 감성을 주시네요.
9791158585525,10,태생이 이과라 시와는 상관없다고 생각하며 살았는데 잔잔하게 얘기해주는 좋은 해설을 보니 마음이 편안해집니다. 추천해준 친구에게도 감사해요
9791158585525,10,"시를 잘 알지는 못하지만, 너무나 좋은 해설을 보니 가슴에 더욱더 와닿는듯합니다. 정말로 한폭의 이미지가 머리속에 그려지는 기분입니다.  문학으로도 스트레스가 풀리는 기분입니다. 너무 멋지네요.."
9791158585525,10,"서문을 읽기 시작해서 마지막 면까지 책을 놓을 수 없었습니다.어렵고 멀게만 느껴졌던 시를 따듯하게 보여줘 인상 깊었는데, 나태주 시인님의 따님이었네요.주변 분들에게도 적극 권하고 싶습니다."
9788961951968,10,"진정성 넘치는 (앞으로 나아가려는 발걸음에 정념이 질척이는 진정성 말고, 치열하고 박진감 넘친다는 의미로의 진정성) 말들. 문학에서 삶을 생활에서 문학을 사유하는 방식을 덕분에 잘 배웠습니다."
9788961951968,10,"비평집은 처음이었지만 재미있게 잘 읽었다. 시도와 행동이 있었으므로 힘이 느껴지는 단단한 문장들이 인상깊다. 행간은 곁을 그리워하고 지키려했던 꿋꿋한 행보들로 빼곡하다.누군가에게 곁을 내어준 적이 있는 이가 있다면 적극적인 일독을 권한다.지금, 여기에서 우리 스스로가 대피소가 되자"
9788961951968,10,"˝우린 그저 숲에서 조용한 장소를 찾고 있을 뿐이었는데 어쩌다 이 숲에 난 화재를 진압하는 일에 끼어들게 되었죠? 우리는 얼마나 연약한가요. 하지만, 흩어버려도 언제든 되돌아와, 그들의 전함에서 계속 떼어내야만 하는, 따개비들 같아요.˝ (에이드리언 리치)"
9788961951968,10,p.247 우리는 ‘마트라는 세계‘를 넘어서야 합니다. 그러니 당신의 동료를 사랑하세요. 저도 제 동료를 사랑합니다. 다만 다른 더 많은 낯선 이들을 만나세요.아무 일이 일어나지 않는 세계 속에서 연대(p.109)로 향하는 대피소의 불빛(p.14)을 발견하게 되었습니다.
9788961951968,10,"치열하게 읽고 쓰고, 더 나아가 사람들과 함께 읽고 썼던 과정의 기록이자 문학을 살아내는 몸에 관한 임상기록"
9788961951968,8,부산에 살 때 저자가 여는 모임에 몇번 갔었다. 정말 위로를 많이 받았다. 책을 읽어보니 그때 했던 모임의 감동이 생생하게 살아난다. 한없이 응원하고 싶은 저자의 책이다.
9788961951968,10,"재난 속에서 구원의 순간을, 생활 속에서 예술의 순간을 발견하는 힘. 누구도 주목하지 않은 영역을 발굴해내는 감각이 탁월하다. 아무 것도 아닐 수 있는 것에서 가치를 발견하는 사려깊은 문장. 이 비평집이 하나의 대피소다."
9788961951968,10,"우리 모두는 대피소 안, 혹은 대피소 근처 곳곳에 있었습니다. 저 역시도 마찬가지입니다. 이러한 사실조차 알 수 없었던, 그래서 대피소에 있으면서도 벌벌 떨 수조차 없었던, 그런 우리 모두가 대피소의 문학 속에 있었음을, 오늘의 폐허를 뚫고 나아 갈 수 있는 회복하는 세계를 비추는 대피소의 불빛에 의지해 걸어가 본 저자의 여정의 기록을 통해 확인할 수 있었던 시간이었습니다. 나눔으로써 자립하는 삶을 살고자 하는 지기들과 몫이 없는 이들이 곳간을 더 따뜻하게 채울 수 있기를 소망합니니다."
9788961951968,10,"기다리던 책입니다. 평론은 지루하다는 편견, 또 일상의 법칙들과 동떨어져 있다는 편견을 깨뜨리는 책입니다. 모두에게 추천합니다."
9788961951968,10,문학속에서 일구어진 대피소에서 사람들을 만나고 그 속에서 함께 어울리며 길어낸 작은 온기들이 있었습니다. 그 어울림 속에서 회복할 수 있었던 순간의 이력들이 고스란히 담겨있는 이 책에서 지은이의 애씀과 시대에 보기드문 진지함이 느껴집니다. 천천히 잘 읽어보겠습니다.
9788961951968,10,"기다리던 책이 나왔네요. ‘대피소’를 호출한 이 시의적절한 작품, 잘 읽고, 잘 구하겠습니다. 모두의 생이 구해져 온전히 지켜지기를... 고맙습니다."
9788932919515,10,도스토예프스키라는 세계로 들어가려면 이 책처럼 좋은 지도와 나침반이 필요할 것 같습니다. 단숨에 읽었습니다. 약간 아쉬울 정도로
9788932919515,8,"도스토옙스키의 삶의 켜켜를 만날 수 있는 책, 이 책 읽기를 마치고 안나 도스토옙스카야가 쓴 [도스토옙스키와 함께한 나날들]까지 읽고 나니 서재에 꽂힌 그의 책들 모두가 그의 거대하고 묵직한 삶의 서사로 다가온다."
9788932919515,8,러시아에서 도스토옙스키의 삶이 드리워진 곳이 궁금하다면.. 추천
9788932919515,8,"그의 작품은 좋아하지만 그에 대해서는 잘 몰랐었다. 도박중독에 빠진 그리스도교 작가라는 단순한 정의로 그를 설명하기에는 부족하다는 것, 그의 작품 속에 어떤 경험들이 박혀 있는지 알 수 있었고, 기행문 같은 형식이 옛 19세기가 아닌 오늘 우리곁에 그가 있는 듯한 생생함을 느끼게 해주었다."
9791188255252,10,깊은 정성을 들인 번역자에게 감사를 표하고 싶다.
9791188255252,8,"르네상스와 중세 전문가인 C. S. 루이스가 들려주는 중세의 기원들. ‘중세‘라는 기호가 가지고 있는 의미를 고대 철학부터 성경, 고전문학을 가로지르며 들려준다."
9791156332466,10,소설 창작에서 처음이 어려운 분들을 위한 책. 도움이 되었음
9791156332466,10,믿고 보는 다른 출판사의 글쓰기 작법서! 신작이군요 후훗~
9788965746683,10,"이 땅의 소설가로서 자신의 삶을 그대로 녹여 책으로 만들었다. 경험에서 우러나온 책임있는 조언이 가득하다. 막연하기 이를데 없는 이 세계에 자신을 투사한 후배들에게 따뜻한 조언을 아끼지 않았다. 진부하지 않게 하고 싶은 말을 다 녹여냈다. 꼭 소설가가 아니라도, 글을 쓰고자 하는 사람에게.."
9788965746683,10,좋은참고가 되는 책
9791196473501,10,"오랜만에 제대로 된 시 교양서가 나왔네요 청소년 수준에서 다루되 시 읽기부터 창작까지 알짜배기 내용이 가득하여, 시에 관심있는 성인이 읽어도 큰 도움이 될듯합니다 재밌게 읽었어요! 작가님 감사합니다"
9791196473501,8,시 쓰기보다 시를 어떻게 읽느냐에 대해 청소년 눈높이에서 친절히 설명한 책. 청소년기 시를 이렇게 배웠으면 하는 아쉬움이...좋은 책이다.
9791196473501,10,쉽다. 내가 어릴 때 이런 책을 보았다면 등단했을 것 같다 ㅠㅠ 나이 먹으니 교육이 중하다는 사실을 더 잘 알게됨.
9791196473501,10,대화체로 되어 있어 아이와 함께 주거니 받거니 함께 소리내어 읽고 있습니다~ 너무 재미나고 행복한 시간이 되고 있어요~^^👍👍
9788957336021,10,"전공자에게 분명 좋은 연구자료가 될 테지만 미국 고전문학, 로렌스의 작품에 익숙치 않은 독자에게도 추천할만한 책."
9788957336021,10,"작가들의 <문학론> 중 거의 유일하게 그러면서도 심도있게, 전문가들의 의해 ‘조롱받지 않고‘ 다뤄지고 인용되는 책 중 하나. 귀한 책.."
9791188375134,10,강력 추천.
9791158090807,10,"엔도 슈사쿠의 문학과 ‘외국 문학에서의 그리스도교’이야기가 무척 흥미롭게 펼쳐진다. 엔도의 작품을 이해하는 데 도움될 뿐만 아니라 그가 소개한 모리아크, 그레이엄 그린, 지드, 쥘리앵 그린, 베르나노스 작품도 한결 매력적으로 다가온다. 특히 <모이라> 꼭 읽어 보고 싶다! 엔도의 유머는 덤!"
9791158090807,8,"인간적인, 너무나 인간적인 작가론."
9791158090807,10,이 책을 통해 <사건의 핵심> 그리고 쥘리앵 그린의 소설도 알게 됐어요그런데 쥘리앵 그린의 <모이라>라는 책은 없더군요옛날중고책으로 사서 읽고 있습니다엔도 슈사쿠작가가 좋은 책 추천을 해준 느낌이에요.
9791158090807,10,그리스도교인 소설가는 있지만 그리스도교 소설가는 없다고 한 작가의 말처럼 크리스천에 국한된 것이 아니라 문학과 인생에 대해 폭넓고 깊게 공감할 수 있는 이야기가 실려 있다. 특히 그가 언급한 작품들은 꼭 한번 읽고 싶다는 생각이 든다. 작고 소박해 보이지만 올해 내게는 손꼽을 만한 책이다.
9788936463502,10,시간이 지날수록 예리하게 벼려지되 부드럽게 깊어질 수 있다면 그것은 뒤에 가는 사람들에게 위로와 희망이 될 수 있을 것이다. 문학에 대한 사랑과 삶을 대하는 태도가 다르지 않되 문학으로 세계의 문을 열어보이려는 것은 어쨌든 이 길에 들어선 자들의 운명일지도. 곳곳에 놓인 회초리가 요긴했다
9788993818932,10,별생각없이 읽기 시작했는데 장편소설을 써보고 싶어진다
9788993818932,8,"그냥 글 말고, 장편을 쓰기 위해 모범서 같은 책. 책쓰기처럼 지구력 있는 글노동이 필요한 사람에게도 추천"
9788993818932,10,"글쓰기 관련 책들의 공통점은 하나다. 좋은 글을 쓰는 작가가 되고자 하는 이들이라면, 쓰고 쓰고 또 쓰라고 한다. 그 고독한 길이 끝내 자기 영혼에 이득밖에 되지 않고 어떤 응답도 받지 못하더라도 쓰라고. 장편소설가는 더 많은 인내와 고통의 시간이 필요한 길이라고 가드너는 진솔하게 말한다."
9788954652063,6,자기부정..
9791188810123,4,중고로 팔려고 했는데 받지 않아서 못팜. 확실히 이런 책은 장강명작가가 잘쓴다. 비교가 될정도로 허접하다. 표지는 오글거린다.
9791188810123,10,"난 작가가 될 생각은 없기에 가벼운 마음으로, 팬심으로 읽었지만 작가 지망생이라면 밑줄 그으면서 읽을 만한 얘기들이 많았다."
9791188810123,4,음. 의외로 재미 없어서 여러 번 포기.
9791188810123,10,"마치 생생한 소설 작법 강독을 들은 것 같은 느낌이다. 이 정도의 치열한 구상과 조사, 철저한 형식과 인물의 설정, 지우고 버리고 다시 쓰는 노력이라는 산고를 통해 한 권의 이야기가 독자들에게 전달된다는 것에 새삼 존경을 보낸다. 작가의 전작들을 예시로 설명을 듣는 것은 또 다른 즐거움이다."
9791188810123,10,정유정 작가님 팬으로서 정유정 작가의 인터뷰들을 볼 수 있어서 좋네요.
9791188810123,8,"작가가  되고  싶은  분들이면  한 번쯤  읽어볼 만한 책.읽고  나면,  글쓰는  일이   그리  쉬운  일이  아니라는  것을  깨닫게  되는...."
9791188810123,10,"지승호 작가 팬으로서 늘 인터뷰책을 기다립니다. 정유정의  소설과 에세이를 급하게 읽고싶어져서 막 주문했네요. 몰랐던 정유정 작가에 대한 깊은 애정이 생겨납니다. ""나를 타자로서 해부하는 시각..""에서 완전 꽂혔어요. 잘 읽겠습니다. 감사합니다."
9791188810123,10,너무 잘 읽었습니다. 두근거리며 읽었던 작품들~ 재능이 없으면절대 풀어낼수 없는 이야기들~ 늘 작가님을 응원합니다
9791188810123,6,내가 좋아하는 작가 정유정의 작법. 새 책이 올해 말이나 내년 초에 나온다니 벌써부터 가슴이 둑흔둑흔. 나는 아직도 7년의 밤으로 받은 신선하고 묵직한 충격을 잊지 못한다.
9791188810123,10,글쓰기에 대한 정유정 작가의 진지함을 느낄 수 있었어요. 인터뷰 형식으로 진행되어 작법 이야기가 더 쉽고 흥미롭게 다가왔고 여태까지 냈던 다른 책들의 비하인드 스토리도 들을 수 있어 더 좋았습니다ㅎㅎㅎ
9791188810123,6,표지만 저렇게 안나왔어도 바로 살텐데. 오글거린다.
9791188810123,10,지승호 인터뷰어 책은 믿고 볼 만 합니다^^ 이번에도 잘 봤어요
9791188810123,10,두 말이 필요없는 글!
9791188810123,10,"아,,, 너무 좋아하는 작가님이라 구매 할수밖에 없다... 작품 하나를 쓰시는데 엄청난 공부와 노력,몰입을 하신다고 들었는데... 이 책에서 작가님의 이야기를 더 들을 수 있다면 좋겠네요. 감사합니다 ㅠㅠ"
9791188810123,10,지승호라면 믿을 만 하다
9791188810123,10,작가님 ㅜㅜㅜㅜ 책 나오길 엄청 기다렸어요!!!!! 빨리 받아서 읽고 싶어요. 바로 주문했는데 27일날 바로 받아볼 수 있겠죠???ㅜㅜ 7년의 밤 유리컵도 너무 이뻐요!!
9788997631872,10,우리 소설 속 장애 인물이 이렇게 많다는 사실에 무척 놀랐다. 또 한편으로는 일제강점기의 비참함 속에서도 꿋꿋하게 삶을 살아간 장애인들의 위대함을 새삼 깨닫게 되었다.
9791186846278,10,인친님이 소개해주셔서 바로 구매한 책.
9791186846278,10,"좋은 질문이 얼마나 놀라운 기능을 하는지 지켜볼 수 있는 최고의 책이라고 생각합니다. 근래 10여년간 읽었던 책 중에서 제일 황홀했고, 놀라운 책이었어요! 훌륭한 인터뷰이와 인터뷰어를 절로 사랑하게 됩니다."
9788965822387,10,재밌고 읽기 편합니다.여러 작가의 생애와 작품에 대한 배경 해설이 흥미롭고요
9788965822387,10,리베르.... 한국사 교과서 최고득점을 받았던 출판사로 기억하는데 역시 편집에 공과 노력을 많이 들인 흔적이 역력하네요. 학습교재 특유의 ‘복사하기‘ ‘붙여넣기‘가 아닌 저자의 풍부한 경험에 따른 서술과 다정다감한 말투도 인상적입니다. 중고등학생부터 성인에게까지 유익할 듯합니다.
9788998529161,10,보통 인문학책보다 문학평론이 읽기 힘들다. 우선 소설을 먼저 읽어야한다. 못해도 소설 자체를 좋아해야 한다.서영채 평론가는 내가 눈여겨보는 몇 안되는 평론가다. 근대성을 문학에서 탐구하는 그의 자세는 내가 정말 배우고싶은 자세이고 내가 흥미있어 하는 주제다. 문학전공자라면 꼭 읽어보자.
9788998529161,10,"20세기의 한국인은 어땠을까? 저자는 국권 상실, 한국전쟁, 경제적 빈곤, 정치적 미성숙이 마음의 상처를 남겼는데 그것이 죄의식과 부끄러움이라고 현대소설 백년을 통해 말한다. 벗어나기 위해선 새로운 주체의 탄생인데, 기막힌 현실은 가해자는 당당하고 피해자만 성찰의 시간을 가진다는 것이다."
9791188071074,10,"시를 습작하면서 고민했던 지점을 어느 정도는채워준 책이다. '묘사'에 관한 한, 어렵지 않게 공부해 볼 기회를 갖게 됐달까. 다만 시를 진지하게 공부하려는 마음이 없는 이에겐 다소 어렵게 느껴질 수도 있겠다.(밑바탕엔 이론서라는 딱딱한 특성이 깔려있기에)"
9791186921500,10,"책이 두꺼워 지극히 전문적이고 어려울줄 알았는데, 글자도 크고 내용 정리가 아주 잘 되어있어 재미있게 술술 읽었다. 평소 우리 근대 문학을 읽으며 궁금해했던 그 사상적 배경과 비하인드 스토리가 너무 흥미롭고 유익했다. 이태준, 이효석, 백석, 이광수 등 미처 몰랐던 작가들의 숨은 이야기도 잼"
9791186921500,10,근대 한국의 문학가들이 러시아와 러시아 문학에 투영한 이데올로기를 통해 당대 (남성 중심주의였던) 한국 문학의 흐름과 사상에 대해 깊이 이해할 수 있었다. 근대 한국 문학에 대해 여성 연구자의 균형잡힌 시각으로 관찰한 훌륭한 연구서
9788932030296,8,"비평의 위상과 본질에 관한 진지한 고민이 돋보이는 책. 2000년대 이후 한국문학 비평의 자의식을 검토하고 싶다면 이 책에 인용된 문헌들만 살펴봐도 충분할 듯. 그럼에도 근본적인 의문이 남는다. 비평이 당장 덜 읽히면 또 어떤가. 비평가 자신의 문제의식에 충실하면 누군가, 언젠가 읽어줄 텐데."
9791188108176,10,한 거장의 위대한 생애를 극명하게 보여주는 책
9791186430798,8,캠브리지 컴패년 시리즈는 필독서다. 이 시리즈의 본회퍼가 <본회퍼 신학개론>으로 번역되어 있다. 그린비의 <러시아 문화사 강의>도 이 시리즈.
9791185400662,8,"다소 억지스러운 부분도 분명히 있다. 하지만 매우 흥미롭고 제법 동감이 가는 아이디어인 것은 분명한 사실. 하루키에 대한 설명은 다소 식상한 부분이 많지만, 하야오에 대한 내용은 보다 정돈되어 있고 납득할 부분이 월등히 많다."
9791185400662,8,하루키의 <양을 쫓는 모험> 이후의 소설들은 조지프 캠벨의 <천의 얼굴을 가진 영웅>에서 차용한 신화론 구조   정크   양이니 쥐같은 텅빈 기호를 버무려 ˝이야기 메이커라는 이름의 응용프로그램˝으로 열심히 돌린 작품들이라는...
9791160400748,10,40대 일본 추리장르문학 평론가가 어느날 ‘수많은 평론을 썼는데 추리여왕 크리스티 작품 읽은 건 6권뿐이란 걸 깨닫고 나머지 작품들은 어떤지 궁금해‘ 크리스티 모든 작품을 읽고 감상문 쓴 책. 읽은 크리스티 작품이 없는 나같은 사람도 크리스티 책을 살펴 보게 만든다.
9791160400748,4,"음... 가이드로 괜찮기는 하지만, 저는 그냥저냥. 굳이 왜 샀을까 싶은 책이 되었네요. 비쌀 때 중고로 팔까 고민중입니다."
9791160400748,10,애거서 할머니의 책은 좋아하지만너무 많아 뭐부터 읽어야 할지 난감한초심자를 위한 친절한 가이드 북.
9791160400748,10,"책을 소개하거나 리뷰를 쓸때마다 스포일러를 빼고 어떻게 이야기 할지 고민이였는데, 도움이 될만 한 책이 나왔구나 싶어 기쁩니다. 평가도 주관적이지만 꽤 날카롭게 점수를 주었기에 높은 점수의 책은 읽을 보람이 있을 것 같습니다."
9791160400748,10,애거사 여사님의 소설에 대한 가이드북이 있었으면 하는 마음이었는데 이렇게 좋은 책이 나와서 기쁩니다
9791160400748,10,애거사 크리스티 작품에 대한 친절한 해설이 돋보이는 가이드북이라 정말 기대됩니다.
9791160400748,10,추리 소설에 관심이 많은데 애거서 크리스티의 작품 세계를 책 한권으로 정리가 되어 있어서 참고 자료로 활용하고 싶습니다.
9791160400748,10,애거사 크리스티 많은 작품을 분석하고 색다른 매력을 느낄수 있게 안내를 해주기 때문에 기대됩니다.
9791160400748,10,애거사 크리스티의 책 중 아직 읽어보지 못한 책들은 어떤 내용인지 알아보는 재미가 쏠쏠합니다.
9791160400748,8,나의 감상평과 책을 비교해보는 재미가 있다. 전집을 다 읽어서 총평과 비교해볼 예정.
9791160400748,10,고전 추리소설의 여왕 애거사 크리스티의 모든 저작물을 저자의 관점에서 정리한 이 책은 추리소설을 좋아하는 당신의 덕심(?)을 한 단계 높여줄 것입니다-~~
9791160400748,10,덕분에 오랜만이 애거서의 책들을 집어 들었다. 그것만으로도 의미있는 책이다.
9791160400748,10,워낙 작가님의 작품이 많아서 뭐를 봐야 할지 보면서도 고민인데 이 책을 통해서 모든 작품들에 대해 알고 찾아서 볼 수 있을 것 같아서 좋네요
9791160400748,8,이 한권으로 그녀의 작품세계를 이해할 수 있었습니다
9791160400748,10,애거서 크리스티의 열혈독자로서 이런 책을 기다려왔다. 나만의 생각을 누군가와 공유하는 이 속시원한 느낌은 가히 최고다!
9791160400748,10,애거사 크리스티의 팬이라면 당연히!!! 무척 흥미로운 책이길 바라며.. 기대가 큽니다.
9791160400748,8,모든 작품을 한권에~ 거기에 스포가 없는것도 큰 장점중 하나!
9791160400748,10,목차만은 쓸만하다
9791160400748,10,애거사 크리스티의 모든 작품을 설명해주는 가이드북이라고 하니 너무 궁금하고 기대됩니다.
9791160400748,2,"솔직히 ""완전 공략""이라는 제목을 달고 있기엔 별 한개도 아깝다. 공략이길래 해당 책에 등장하는 특이한 사회상, 그 시대에만 볼 수 있는 도구의 특징, 옷차림 등이 소개되는 줄 알았는데 그냥 블로그에 올리는 감상문정도 수준밖에 안됨"
9791160400748,8,"홈즈에 관한 패러디, 패스티시, 평론 등 2차 저작물들은 국내 번역된 것만으로도 마니아가 다읽기 버거울 정도로 많지만, 크리스티의 경우는 이상할 정도로 그런 것들이 드물다. 아마도 국내 소개된 유일한 크리스티 전작품을 다룬 평론서일 본작품의 출간에 박수를 보낸다."
9791160400748,10,추리소설의 전설이자 거장인 애거사 크리스티를 현대적 관점에서 돌아본 흥미로운 책입니다. 작품마다 남긴 한줄평과 그렇게 생각하는 이유를 3-4페이지로 녹여낸 것이 꽤 설득력도 있고 재미있네요. 다 읽고 본격적으로 서평을 남겨야겠네요^^
9791160400748,10,"애거서 크리스티의 방대한 작품들에 대해 일일이 별점을 매기고 스포일러 없이 비평을 했다는 것만으로도 획기적입니다. 저자만의 색다른 관점과, 객관적으로 따져볼 수 있는 비평들의 조화가 좋습니다.크리스티를 이미 접한 독자 혹은 문외한 둘 다에게 있어 필독을 권할만한 책입니다."
9791160400748,10,애거서 크리스티 작품들 완전 분석 가이드북!
9791160400748,10,이 책을 읽으면서 다시금 애거서 크리스티의 책들을 읽어보고 싶어요~
9791160400748,8,크리스티를 알고 있는 사람들에게 더 즐겁고 흥미로운 것 같아요. 자신의 감상과 다른 평들을 비교하거나 내가 미처 생각치 못한 관점을 제시하는 부분들도 재미있습니다. 다시금 크리스티의 책을 찾게 하는 계기도 주고요.
9791160400748,8,와 정말로 애거서 크리스티를 사랑한 사람들이 만든 애거서 크리스티를 사랑하는 사람들을 위한 책이네요
9791160400748,10,추리소설 평론가이자 추리소설 팬인 저자가 애거사 크리스티 팬들에게 건내는 선물같은 책. 애거사 크리스티의 99권의 작품을 읽고서 써낸 그녀에 대한 탐구서이자 가이드인 <애거사 크리스티 완전 공략>. 이 책은 애거사 크리스티의 팬 뿐만 아니라 추리소설 매니아들에게 꼭 권하고 싶은 책입니다.
9791160400748,10,"애거사 크리스티 팬으로서 읽는 내내 즐거웠다. 안 읽어 본 작품은 당장 읽고 싶어지게 되고, 읽었던 작품도 공감하거나 이런 관점도 있군!하면서 역시 다시 읽어 보고 싶게 만든다. 작품이 많아 읽고도 기억이 가물가물한 것이 많은데, 이 기회에 다시 탐독해 볼까~"
9791160400748,10,책값이 다소 비싸긴하지만 크리스티팬으로서 안살수가 없네요.
9791187878025,10,"나쓰메 소세키를 이런 독창적인 방식으로 읽어내는 인간이 있었다는 사실에 경이로움을 느낀다. 여러 관습화된 문학비평론을 걷어내고 자신이 읽어낸 소세키의 언어만으로 소세키‘s 월드를 구축해가는 거장의 솜씨. 더구나 번역의 한계에도 불구하고, 그의 문장은 읽는 재미가 있다. 소오강호.."
9791196112004,10,"It was the best of times, it was the worst of times, it was the age of wisdom, it was the age of foolishness, it was the..."
9791196112004,10,"디킨즈의 정열적인 성격과 유쾌한 인생, 사회적인 시각을 세밀하게 묘사한 전기문학의 정수라고 할 수 있다. 원저자와 번역자 모두의 능력이 잘 드러난 책이다.다 읽고나니 디킨즈 개인에 대한 애정이 느껴진다."
9791196112004,10,"유쾌하게 웃으며 읽을 수 있었다. 따분하고 무거운 분위기를 견디지 못 했던 찰스 디킨스의 성격도 한 몫을 했겠지만, 무엇보다 글쓴이의 재담 넘치는 글솜씨에 읽는 맛이 있었다. 작가이며 위대한 배우,  조국을 사랑하고 영국인임에 자부심 넘치던 디킨스의 생애가 런던의 열정 그 자체였다."
9791161650258,8,무겁고 딱딱한 하드커버지만 페이지를 넘길 때마다 즐겁다. 중간에 너무 큰 오자 발견 ㅠㅜ 안타깝다.
9791161650258,6,글보단 시각적인 효과로 편히 읽을 수 있다. 하지만 페이지 안 쪽 글이 안 보이는 등 신경을 안 쓴 부분도 보이긴 하다간단하게 편히 보길 원하면 추천
9791161650258,10,제인오스틴! 근대 고전작가 중에서 정말 좋아하는 작가중에 하나인데 궁금하네요
9791161650258,10,인포그래픽을 통해 제인오스틴의 생애와 작품 이야기가 마치 만화책을 보듯 알기쉽게 눈에 쏙쏙 들어와서 좋아요 제인오스틴에 대해 많이 배울 수 있어 좋습니다.
9791161650258,10,인포그래픽을 통해 제인오스틴에 대해 많이 알게되어 기쁩니다.
9791161650258,10,제인오스틴을 인포그래픽으로 만날 수 있습니다
9791161650258,10,제인 오스틴의 팬이라면 꼬옥!!
9791161650258,10,새로운 방식으로 제인 오스틴을 바라볼 수 있을 것 같아요
9791158661557,10,동양 별자리에 얽인 일화를 읽을 수 있어서 좋습니다. 다만 중고책보다 새책이 구겨져서 오니 기분이 좀 상하더군요;;
9791185400556,2,최근 몇년 동안 샀던 책 중에가장 알맹이 없는 책. 장르 가이드이고 얇팍한 총서라 크게 깊이있는 내용을 기대한것도 아니지만 너무 심함. 나무위키나 블로그 몇개 보면 나오는 수준. 뒷부분의 작법은 읽을만 하지만 분량이 너무너무 적음. 앞부분의 장르 가이드는 별 한개도 아까움
9791187878018,8,"롤랑 바르트의 ˝나는 그 사람이 아프다˝라는 말은 ˝나는 프랑스가 아프다˝라는 쥘 미슐레의 말에서 표현을 빌려왔다고한다.미슐레라는 이름은 알고있었지만,이책을 통해서 어떤인물인지 파악이되었다.바르트 글쓰기의 원형이자,사실상의 데뷔작‘미슐레‘는 대역사가 미슐레에 대한 놀라운 책이다."
9791187413127,4,사물이나 자연에 시의 심성이 돋아 사진을 찍고 시를 적는 것이 디카시의 핵심. 다른 말로는 사진시다.새로운 문학 장르라고는 하나 화가가 자신의 그림에 시를 넣는 것과 비슷한 원리.다만 그림 대신에 사진이라는 장르가 새롭지는 않지. 시작한지 얼마나 되지도 않아 형식과 규격을 정하는게 이르다.
9791185042237,10,"처음엔 개연성 없는 그들의 삶이 어이가 없어서 킥킥대며 보다가, 어느 순간부터는 한 번 뿐인 인생 재지 않고 끝까지 밀고 간 비트 세대 작가들의 용기가 부러워지고, 가슴이 뛴다."
9788932318271,8,"소세키 연구자라 할 수 있는 아내 교코의 글, 감명깊게 읽었습니다. 타인이 보는 소세키를 만날 수 있습니다."
9788994519920,6,"대담집을 즐기지 않는 이유를 다시 확인.  흥미로운 내용이지만 조금 중구난방.  고장원이란 사람의 책을 읽을 때엔 잘 몰랐는데, 이 책의 토론을 보면서 은근히 독설적인 부분이 있는 것 같다는 인상을 받았다."
9791186846087,10,"1938년에 출판된 이 책은, 1983년에 재출간 되었고 그 판본의 번역서입니다. (원전 판본 출처에 대한 안내문이 없어 적었습니다)"
9791186846087,10,책 사이즈도 아담하고 번역도 매끄럽네요. 대출해서 보고 있는데 구매욕구가 생깁니다.
9791186846087,10,글을 쓰고 싶은 사람의 마음을 가장 잘 헤아려주는 책. 책을 다 읽고 나면 당장이라도 글을 쓰고 싶은 의욕과 잘 쓸 수 있을 것만 같은 자신감이 생기는 듯. 글쓰기에 관한 흔한 규칙들을 알려주는 게 아니라서 글쓰기에 대한 진정성이 더 느껴짐.
9791186846070,8,"얼굴은 영혼의 창이라 했던가. 문학에서 ‘서브텍스트’를 읽어내는 것은 현대인이 쓰고 있는 가면 아래 맨얼굴을 보는 것만큼이나 어렵다. 아직, 나는, 삶과 이야기를 분리하는 것이 어렵다."
9791186846070,8,"소설읽기를 즐기는 사람에게는 자연스러울 ‘서브텍스트 읽기’ 작업에 대한 개념을 정리하고, 유명한 소설들에서 서브텍스트 읽기의 예를 보여준다. 하지만 소설에서 서브텍스트를 읽어내는 것은 여전히 독자의 몫. 나에겐 ‘더 깊이 읽기’에의 의욕을 북돋아 주어 유익했던 책이다."
9791186846070,2,"원래 리뷰 안남기는데 번역 때문에 남깁니다. 문장 문장이 매끄럽지 않고 조사 사용 또한 어색합니다. 관심 있는 주제이기도 하고 내용이 길지 않아 참고 읽었지만, 번역이 아쉽습니다."
9791186846070,6,"소설을 쓰고 싶어하는 사람들은 소설 쓰기에 대한 몇 가지 팁을, 일반 독자들은 소설을 읽을 때 문자 사이에 문자화되지 않은 부분을 발견할 수 있을 것이다. 결국 작가는 말해진 부분과 말해지지 않은 부분 모두에 있어서 치열해야 한다는 것. 언어화되지 않는 것을 언어로 지어야 하는 고독한 싸움."
9791186846070,10,역시 예상대로 훌륭하다. 서사에 관해 이 정도로 과학적인 자세로 진입각을 잡는 책은 극히 드물다.
9791186846070,10,"소리내서 말할 수 없는 것이 있다. 정말로 하고 싶은 말은 드러난 말 밑에 깔려 있는 말이다. 표정과 눈 빛으로 하는 말은 여간 주의하지 않으면 지나치게 된다. 몸짓, 표정, 음색에도 새겨진 텍스트가 있다. 바로 서브텍스트다."
9788976824356,6,"김윤식의 꼼꼼한 고증에 따른 인물 및 문학 읽기가 돋보인다. 하지만, 이런 식의 독해는 재미는 좀 없는 것 같기는 하다. 이 책의 아쉬운 점은 p259 안경환 교수 저서의 연도는 2013년이라 해놓고 p261에서는 2003년 표기된 점은 편집장 이광훈을 친척과 고향 후배라고 병기된 점이다."
9788976824356,10,"2013년에 나온 1권보다 올해 나온 2권 먼저 읽게 되었다. 2권은 ‘이병주론‘이라 하여도 과언이 아닐 정도로 8장 중 절반에 해당하는 네 장이 그에게 할애되어 있다. 내용을 떠나, 60년 동안 그야말로 ‘신(神)적으로‘ 글을 써오신 선생께서 건강하시어, 다음 책도 내어 주시기를 마음 모아 기도한다."
9788984116313,10,"미국, 프랑스문학 영향도 많았지만 독문학만큼은 아닐 것이다. 그런 긍금함에 덜컥 서가에 두고 책 두께에 겁먹어 며칠을 그대로 두었다. 하지만 힐데브란트부터 읽기 시작해 거짓말처럼 술술 결국 1주일만에 다 읽고야 말았다. 그리고는 학창시절 밤새워 읽었던 헤세의 책들이 주마등처럼 지나갔다."
9788963273464,10,안 읽고 꽂아만 두었더니 어디서 물을 먹었나 종이가 우굴거린다. 그래서 안 읽을까 하다가 읽었다. 그리고 머리를 쥐어뜯었다. 이런 걸 우연한 보물이라고 한다. 저자의 소설 ‘하루‘를 바로 샀다. 이제부터는 그가 내 스승이다.
9791127400101,6,들어가기 전 자신이 소세키 전문가가 아니라는 말을 적었고 자신은 그저 소세키를 좋아하는 사람이라고 밝혔기에 그 내용이 가볍다. 소세키를 쉽게 접할 수 있어서 좋았지만 전문적으로 알고 싶은 사람에겐 다소 아쉬울 책일 수도 있다. 그래도 만족한다!
9791127400101,8,나쓰메 소세키의 작품 '나는 고양이로소이다'를 구매했었다. 가벼운 중단편이려니 생각했었는데 생각보다 두꺼운 책의 위용에 눌려 선뜻 읽기를 시작 못하고 있다. 그러던차에 재일학자인 강상중 교수의 서평집이 눈에 띄어 몸풀기 삼아 읽기 시작했다. 이와나미서점의 책소개 시리즈.
9791127400101,10,"가장 좋아하는 작가 나쓰메 소세키의 작품을 대부분 읽어 봤는데, 강상중쌤의 설명을 읽으니 더욱 깊이 그리고 세밀하게 이해가 간다. 한번 읽고말 책이 아니라 두고두고 반복해 읽고 곱씹을 책. 정말 많은 도움이 되었다."
9791127400101,8,강상중을 통해 다시 만나는 나쓰메 소세키. 사랑하면 알게 되고 알게 되면 보인다는 말을 실감한다. 그의 고독과 불안과 성찰은 100년이 지난 지금에도 유효하다.
9791127400101,10,"한 사람을, 한 사람이 걸어온 길을, 한 사람이 지은 이야기로 드러나는 발자국을, 차근차근 짚는 책을 읽어 본다. 나쓰메 소세키라고 하는 사람이 지은 이야기는 그냥 나쓰메 소세키 책을 읽으면 되는데, ‘함께 읽기’를 해 보면서 이 대목은 이렇게도 읽을 만하구나 하고 새롭게 바라본다."
9788965962021,8,"글쓰기 책은 글쓰기를 본격적으로 도와준다기 보다는 글을 구별하는 감식안을 갖게 해주는 것 같다. 좋은 글, 나쁜 글, 이상한 글, 그것을 모두 합친 것 같은 나의 생각, 나의 글."
9788965962021,8,"글쓰기의 교과서와 사전 같은 책! 배경부터 주연, 조연들까지 컨셉 잡아줄 정도로, 다 읽고 시키는 대로 써도 단편은 쓸 법한 교과서 적인 내용. 사전처럼 막히는 부분 찾아서 다시 읽어 도움받을 정도로 체계적으로 담겨있는 책!"
9788965962021,8,"결국 사고 말았다. 정말 좋은 책이라고 추천받은 지 오래, 잊고 있었다가 어느 글에서 언급한 한 문장이 나를 움직였다."
9788965962021,10,아주 편하게 하나하나 되짚어보게 주문을 넣어주는 책 ~ ㅎㅅㅎ
9788962609646,6,문학이란 세계를 널리 살펴보기에 적절한 책이다. 고대부터 현재에 이르기까지 다양한 작가와 작품을 만나볼 수 있다. 깊게 파고들어가는 것은 아니라서 어렵지도 않다. 자신이 읽을 방향을 정하거나 로드맵을 짜는데 도움이 된다.
9788962609646,6,황석영에서 쫌 심쿵했다.
9791186910023,10,명작입니다. 김남주의 시를 읽으며 그의 인생을 통해 지금의 세상을 다시금 볼 수 있습니다. 명저입니다.
9791186910023,10,김삼웅님의 평전은 무조건 추천합니다.
9791186910023,10,김남주 시인의 평전에 100자 평이 하나도 없다니..ㅠㅠ
9791157841127,8,"좀 튀는 작가 장정일이 작가, 학자, 기업인, 칼럼니스트, 음악과 미술인, 사진작가, 방송인 등등을 만나서 이야기를 들어봤다. 텍스트와 작품너머 실존하는 그들의 정신세계가 궁금했다고 한다. 8년간에 걸친 작업의 결과물이다."
9791157841127,6,책을 덮고 난 후 찾아서 읽고 싶은 인터뷰이가 별로 없다. 인터뷰이 보다 인터뷰어에 치중해서- 주객이 전도되서?
9791157841127,10,인터뷰어로서의 장정일기대됩니다
9791157841127,8,좀 오래된 인터뷰집이네요. 음...
9791157841127,10,"인터뷰어로서 장정일 작가가, 만나고 싶은 마흔세 명의 저자들을 인터뷰이로 만나 대담과 함께 삶과 지혜를 공유한 이야기. 무엇보다, 문학외적인 문화전반에 걸친 전방위적인 주제와,미처 접하지 못했던 새롭고  다각적인 분야를 만나 재밌고 신선했다. 특히 3부,｀인문학을 만나다｀가 매우 좋았다."
9791157841127,10,장선생님 스토리펀딩에도 들어갔네요!! 장선생님 좋은글 부탁드리겠습니다^^
9788954639743,10,난 문학과 예술이 세상을 구할거라 믿는다. 하지만 현실은 그 기반을 구축 못한다.
9788954639743,10,"1994년, 신인 비평가 도정일은 여느 작곡가의 9번 교향곡에 필적할만한 평론집을 무려 ｀데뷔작｀ 으로 내놓고는... 홀연히 문단에서 교단으로 사라진다. 포스트모더니즘의 광기에 휴머니즘의 온기로 응답한 한국문학비평의 합창교향곡. 재출간 우와아앙ㅇ"
9788954639514,10,소장가치 매우 있음 카뮈의 작품과 철학에 더 가까워지는 것 같아여
9788954639514,10,｀나눔의 세계｀｀나눔｀ 눈길을 끌었던 제목과눈길을 사로잡은 그림들...참 좋은 책~
9788954639514,10,"카뮈 탄생 백주년을 맞아, 딸인 카트린 카뮈가 펴낸 두번째 카뮈의 사진집. 알제리에서 유럽, 세계로 향한 여정을 통해... 자연과 타자를 향한 ｀확대｀와 ｀연대｀의 지향과 ｀희망｀을 공유하는 ｀나눔의 세계｀이다. 넓은 판형과 훌륭한 도판사진, 아름답고 깊이있는 글들로.. 가슴 벅찬 하루였다."
9791195523542,6,다양한 장르의 작가들 얘기를 볼 수 있어서 좋았다. 다만 네이버 작가들 얘기라 그런지 플랫폼 얘기가 네이버로만 치중되는 느낌이 어쩔 수 없이 있다. 기본적으로 웹소설에 대해 문외한인 사람들도 잘 읽을 수 있도록 써서 좋았다.
9791195523542,6,"웹소설에 대한 호기심이 생기게 만드는 책, 다양한 장르들을 설명해 주고 있네요. 하지만 기존의 웹소설을 답습해서는.."
9791185400228,8,재미있게 봤어요~
9791185400228,8,"미스터리역사와 개요, 작품, 작가에 대해 알기 쉽고 흥미롭게 저술한 책."
9788967352684,8,도연명의 생애와 작품에 대해 상세하게 설명되어 있습니다. 도연명을 처음접하는 사람들에게는 약간 어려울수 있고요. 도연명과 작품에대해 자세하게 원하는 사람에겐 더없이 좋은책입니다.
9788954638678,10,"프리드리히 키틀러의 『광학적 미디어: 1999년 베를린 강의』를 읽고 비록 진부한 표현이지만, 정말 신선한 충격을 받았다. 기술과 전쟁 그리고 재현 사이의 연합과 길항을 그렇게 생생하고 도발적으로 보여주는 강의라니. 이제 그의 주저인 『기록시스템 1800·1900』을 읽지 않을 수 없다."
9788934971375,2,"한글 폄하를 이런식으로 희석하죠. 한글은 고조선 시대 만들어진 문자, 갈림토등에서 유래하고(조선어력사 ) 한자를 비롯해 8개에 달하는 문자를 우리 선조들이 만들었고 세종이 이런 문자를 참고해서 만들었다고 밝혔죠. 일제가 규장각서 빼앗아 교토대 보관중인 최석정 경세훈민정음 출간된것 보세요"
9788934971375,2,"훈민정음의 민은 조선인구의 70-80%를 차지하는 노비를 포함하지 않은 개념이다. 즉 20-30% 양반과 중인계급이 한자를 배울때 편리하라고 발음기호와 뜻을 표기하기 위해 만든 문자이지, 노비들까지 훈민정음을 배우라는 뜻은 전혀 포함되지 않았다. 또한 훈민정음은 고대 가림토 문자의 표절일 뿐이다"
9788934971375,2,"파스파에 매몰된 저자의 오류진정한 한글 창제의 원리 간단명료하게 정리하자면1.한글의 요체인 자모음 형태 :자음-바렁기관, 모음: 천지인 조합으로 만들어진 세종대왕의 독창적인 작품(이점은 정광이라는 저자도 동의하는것)2. 옛글자 영향에 관해: 가림다 문자3. 천문원리의 창제."
9788934971375,10,한글과 세종대왕에에 대한 신화를 무너뜨린다. 책값 아깝지 않다.
9788934971375,10,"고대 한반도의 언어, 한글과 몽고문자, 노걸대, 사역원과 외국어교육 등 정광 교수의 연구는 정말 흥미진진하다. 삼국시대 이전의 자료가 많지 않은 것이 안타까울 뿐이다. 최근 <한글의 발명>은 그러한 노정의 정점이 아닌가 한다. 한국소설을 읽는데 알파벳을 읽고 있다면 눈앞이 아찔하기만 하다."
9788932317434,4,재일교포인 저자가 왜 글을 쓰게 되었는지 복수의 아이덴디티를 가진 사람으로서의 갖게 된 혼란의 이유를 알수 있다. 그리고 작자가 애초에 마음을 뺏긴 우리 6~80년대 좋은 시들을 작가가 좋아하게 된 배경과 함께 다시금 감상할 수 있어서 좋다. 하지만 책으로서 기대에 조금 못미치는 듯.
9788932317434,8,정상성이 지닌 배제의 논리와 폭력성을 폭로.
9788932317434,8,"계속 되는 서경식 교수의 책이다.  과거 자신의 경험, 현재, 그리고 일본의 미래를 보면서 우경화와 국가주의를 위한 민족의식고취를 비판한다.  흔히 진리로 믿는 국가, 민족, 모국 같은 개념이 얼마나 필요에 의해 조작되고 만들어지는 건지 생각해볼 수 있다"
9788932317434,8,"막연한 시에 대한 이야기인줄 알았는데, 그게 아니였다. 시를 통해서 본 저자의 고백들과 사색의 결과물들 이야기였다."
9788932317434,10,"서정시 형태의 정치적 태도 결정 (루쉰), [안네의 일기]의 교훈 (브루노 베텔하임), ｀패트리어티즘｀이라는 용어 (마르크 블로크) 등과 마지막의 이시가키 린의 시까지, 읽고 또 읽게 된다.[경계에서 춤추다]에 이은 서은혜의 번역 또한 만족스럽다."
9788932317434,10,제목과 표지가 잘 어우러진 책.
9788932317434,10,경험과 사색에서 숙성된 시적 상상력과 감수성이 가지는 중요성을 설득력있게 전달.
9788932317434,10,"시의 적절하고 의미 있는 책. “인간은 승리의 약속이 있기 때문에 싸우는 것이 아니라 부정의가 이기고 있기에 정의에 관해 묻고, 허위로 뒤덮여 있기에 진실을 말하려고 싸운다.”"
9788932317434,10,좋다
9788932317434,10,시는 강하다
9788932317434,10,궁금해서요
9788932317434,10,현대사에 잘 몰랐던 지점을 일깨운 책
9788932317434,8,그가 쓴 문학은 단순히 글이 아니라 그의 삶이었다. 그의 행동이었다
9788932317434,10,시란 무엇인가? 다시 한번 질문하게 만드는 책.
9788932317434,8,정말로 '시의 힘'을 알려 주는 책이 아닌가 생각이 듭니다.
9788932317434,10,"시가, 문학이 힘을 잃어버린, 잃어가는 이 시대를 찔렀다."
9788932317434,10,한번읽어보세요 좋아요
9788932317434,10,세상과 맞설 수 있는 문학의 힘을 제대로 설파.
9788932317434,10,"문학의 힘을 잊지 않게 해준, 고마운 책"
9788932317434,10,"서경식님의 어린시절부터의 시 탐색과 루쉰의 글과 그 글을 해석하는 일본 비평가들의 각자 다른 입장의 글쓰기 비교 등이 예리했다,아울러 서경식님의 가족사의아픔또한 시처럼 절절했다"
9788932317434,10,굿
9788932317434,10,다시 시다.
9788932317434,10,안과 밖에 살고있는 경계가 견디고 살아야하는 입장에 대해서도 생각해볼 기회가 되었다
9788932317434,10,편하게 글을 읽는 게 미안해지는 그의 글!
9788932317434,10,이루어지지 않을 희망을 안고 살아가는 자들의 발걸음에 힘을 보태주는 것이 시. 그리고 그것을 체험한 자가 전해주는 이야기. 육성의 힘이란 바로 이 책을 가리키는 표현.
9788932317434,10,세상의 어둠을 밝히는 시. 힘없는 이들을 노래하며 알리는 시. 모두에게 무엇이 어둠이고 빛인지를 알게 하는 것도 시의 힘이겠다...
9788932317434,10,펜의 힘은 강하죠. 그중에서도 시의 힘은 어느 정도일까요? 옛날 일제시대때도 시의 힘은 굉장했는데...요즘은 좀 사그라든것 같아 아쉽지만 ｀시의 힘｀을 읽으며 아쉬움을 달래야겠습니다.
9788932317434,10,"잔잔하면서도 묵직하게 흘러가는 문장, 에세이 중간중간 삽입되었거나 각 장 마지막을 장식하는 시를 읽으며, 가볍고 얇은 책 속에 짙게 배인 문학의 향기를 만끽할 수 있습니다. 저자가 글쟁이로 성숙하는 과정을 함께 지켜보는 것도 깊은 울림을 남깁니다.^^"
9788932317434,10,"제게도 시가 힘이 될때가 있어요, 학창시절 친구랑 비밀일기속에서 나누기도 했던 시들과 좋아서 베껴썼던 시들, 어떤 힘을 보여주실지 기대됩니다 .^^"
9788932317434,10,시의 힘을 느끼게 되었던 책... 너무 좋아서 구입 강추입니다.^^
9788932317434,10,제목 멋있네. 읽고 싶게 만든다
9788932317434,10,시가 없는 언어는 오아시스 없는 사막입니다. 시를 읽어 시의 힘을 느껴봅시다!
9788932317434,10,시는 세상을 제대로 보게 해주기에 힘이 있는 것 같습니다. 우리 모두 시인이 된다면 어떤 세상이 펼쳐질까요?
9788932317434,10,자기가 태어난 나라에서 평범하게 살아간다는 것에 대한 행복감을 다시 느껴보게하면서 시인의 유전자를 듬뿍 안고 태어난 서경식의 시 감각은 마음을 뒤흔든다
9788932317434,10,"선물받았다. 반전에 반전을 거듭하는 인문학책이 다 있구나, 감탄하며 아주 조금씩 읽고 있다. 특히 루쉰 이야기는 굉장히 뭉클했다. 아아, 내가 잘못 알고 있었어... ..."
9788932317434,10,"그는 진정 지성인이며 문인이다. <고통과 기억의 연대는 가능한가> 책을 읽고 이 후 그의 책은 거의 다 읽고있다. 서승, 서준식, 서경식 삼형제분에게 우리 조국은 미안해해야 한다. 그리고 우리는 역사로서 그들의 삶. 재인조선인의 삶과 역사를 가르쳐야 한다. 그것이 역사의 의무이다."
9788932317434,10,시대에 의해 절필할 수 없는 서경석 선생님...이 시대의 패자들에게 힘이 되어주는 선생님의 글을 읽고 많은 것을 생각하게 됩니다. 존경합니다.. 선생님
9788932317434,10,"걷지 않을 수 없는 길을 걸어야만 하는 사람의 목소리는 처연하고 슬프다. 시를 왜 써야하는지에 대한 물음은 왜 계속 저항해야 하는지, 왜 계속 말을 해야 하는지에 대한 물음이다. 어제 책을 받자마자 계속 읽고 또 읽는다. 모든 것을 픽션으로 만든다는 마지막 말에 심장이 덜컹한다."
9788932317434,8,표지가 굉장히 많은 생각을 하게 만드네요. ˝시대의 격류와 그 흐름에 휘말린 개인사를 아우르는 ‘언어’에 관한 비평집˝이라는 문구가 그 어느 때보다 깊이 와닿는 것 같아요.
9788932317434,10,"절망의 시대, 시가 인간을 어떻게 구원하는가 - 저도 요즘 생각해보고 있는 주제인데요,넘치는 정보로 인해 문장의 힘이 약해졌다곤 하지만 이 책은 서경석 선생님의 정체성과 오랜 경험에서 우러나온 문장으로 시의 힘에 대해 이야기하고 있어요. 선생님의 경험과 지성을 존경합니다.추천합니다!"
9791130457420,10,내가 가장 흥미롭게 읽은 부분은 ˝<진달래꽃>의 언어와 해석 문제˝였다. 이미 우리에게 익숙한 <진달래꽃>의 문장들을 다시 한번 면밀히 뜯어보고 해석함으로서 새로운 인식과 해설의 장을 열였다는 점에서 젊은 감각과 진지한 시선이 합치되는 지점을 만난 듯했다.
9791130457413,10,왕성하게 활동하다가 젊은 나이에 생을 마감한 평론가 고석규와의 만남을 통해 실존주의와 신비평 등 전후 문단을 휩쓸었던 사상이 우리 문단에서 어떻게 이해되고 소화되었는지를 알 수 있는 귀중한 자료. 고석규 개인의 아름답고도 분석적인 문체도 돋보인다.
9788957078495,10,"이상 문학은 식민지 근대의 경계에서 근대의 파국과 묵시를 진단하고 예비하는 타락천사 이상의 위트이자 눈물이다. 유클리드적 건축술과 지하생활자의 파국이, 밀도 있는 사유가 절로 리듬이 되는 윤인로의 문장들에서 충돌하여, 어둠의 공중에 쏘아올린 마그네슘탄처럼 빛난다. 파루시아=마그네슘탄."
9788994054674,10,기대됨!!
9788994054674,10,오역을 바로 잡아 새로운 번역했을 뿐 아니라 s/z에 대한 롤랑 바르트의 글까지 실어 동문선에서 나온 것보다 훨씬 낫습니다.
9791156120377,10,만해 한용운 우리나라 불교의 식민지화를 온몸으로 막아내신 독립운동가존경합니다
9788994597317,10,어려운 고전들을 잘 정리해둔 참고서.
9788994597317,4,글은 너무 좋은데 역자가 일본어만 알지 해당 분야의 개념을 몰라서인지 개념어들을 우리나라에서 안 쓰는 방식으로 번역한다. 예컨데 의법적 지배
9788994597317,6,요약본인데도 어렵다. 보자마자 눈이 스르륵 감긴다 ㅠㅠ페이지도 많다. 언제 다 읽으려나... 문제는 다 읽어도 이해는 하려나 ㅋㅋㅋ
9788994597317,2,기본적인 번역이 전혀 이뤄지지 않았습니다. 챕터마다 차이는 있지만 기본적인 접속사 호응도 전혀 되지 않아 읽는데 오히려 독이 되는 느낌입니다. 단순히 워드 바이 워드 호응으로 일본어도 국어도 아닌 글이며 전문 번역가의 결과물이라고 생각하기 힘드네요. 참고용으로도 추천할 수 없는 책입니다
9788994597317,8,"어려운 고전, 요약이라도 읽을수 있어서 다행입니다."
9788901178479,4,진짜안읽힘 번역이 문제인듯..
9788901178479,2,번역 진짜....
9788901178479,10,무슨 말이 하고 싶긴 한데 이야기로 못 만들고 계신 분들께 추천.
9788901178479,4,글을 쓰고 싶어서 읽었는데 이책은 ｀이야기｀쓰는 방법에 관한 책이다 스토리를 창작하는 방법에 관한 것이다 그래서 일찍 덮었다
9788901178479,8,이야기를 쓰면서 언제나 가장 고심하는 부분. 이런 저런 이야기 쓰는 기법은 알겠는데 정작 시작이 되지 않는 이유는 무엇인가.
9788901178479,10,백지에서 이야기를 만드는 것 보다는 만든 이야기를 전반적으로 정리하는데 도움이 되는 작법서.
9788901178479,10,스토리를 만드는데 있어 도움을 많이 준 책입니다. 고맙게 생각합니다.
9788901178479,10,글을 쓰는데 흥미를 불러일으키는 이야기를 쓰는가 요즘 책을 안 읽는 이들이 대부분 고민하는 것
9788901178479,8,신경과학과 이야기를 조합시킨 면에서 석영중 작가의 <뇌를 훔친 소설가>가 떠오른다. 물론 저자가 이 분야의 전문가가 아닌지라 과학적 접근은 본론에 올려진 고명 정도지만. 중요한 건 내가 이토록 친절한 시나리오 작법서를 본 적이 없다는 사실이다. 입문서로 추천할 만한 책이 생겨 기분이 좋다.
9788901178479,10,글쓰기에 대한 불분명했던 개념들을 잘 정리해주고 있다
9788901178479,10,스토리텔링의 정수가 담긴 책
9788901178479,8,이야기 하는 이야기
9788901178479,6,조금더 글쓰기에 도움을 받아볼까 하는 바램으로...아마도 다음주 정도에 득템하지 않을까 한답니다..
9788901178479,10,독자를 원하는 스토리텔링을 알려주는 책.
9788901178479,6,"이 책은 ˝뇌는 왜 이야기를 좋아하는가?˝ 라는 질문을 시작으로 ˝뇌가 좋아하는 이야기란 무엇인가?˝의 답을 찾아가는 과학적 작법서이다. 뇌과학이라는 전문지식에 기대어, 작가 개인의 작법론을 개괄하지만, 귀납적 추론이므로 크게 신뢰는 가지 않는다.다만 나같은 초보들에겐 꽤 설득력있는 작법서"
9788901178479,10,회사일을 하면서도 글 잘쓰는 능력은 참 필요한 것 같아요~참 보기쉽게 되어있습니다~멋게 필사중입니다~~^^
9788901178479,10,알고 있던 이야기 모르고 있던 이야기. 그래서 책상에 두고두고 보아야 하는 책
9788901178479,10,"이야기는 마음을 사로잡는 가장 강력한 도구다.문제는 어떻게 사로잡느냐는 건데,그건 사실 테크닉이 아닌 통찰의 문제다.통찰력이 있는 이야기를 접하고 나면 한동안 머리에서 떠나지 않는다.그리고 저도 모르게 삶에 적용한다.인간에 대한 통찰을 길러라,이 책이 말하고 있는 진정한 메세지다."
9788901178479,10,스토리 작법의 구체적인 방법을 궁금해 하시는 분께 추천.
9791195082186,10,윤동주의 시만큼 아름다운 언어로 쓰여진 평전입니다.글이 짧지만 깊이가 있고 감동적이어서 마치 시를 읽는 것 같습니다.시인의 평전을 시처럼 쓰다니 놀랍습니다.
9788927806035,10,책 제목만 보고 글쓰기를 위한 안내서라고 여길지 모르나 글쓰기에 관한 책이 이렇게 재밌게 빠져들 수 있는 이야기인지 모를 경험을 하게 될 수 있습니다. 푹 빠져서 읽었습니다. 간결하고 힘있고 잘 읽히는 책입니다.
9788927806035,10,"잘 읽히는 글의 미학을 보여주는 저자의 문체. 설사 글쓰기에 관심이 없다고 하더라도, 단지 교양을 위해서라도 읽어볼 가치가 있다."
9788927806035,10,"타인의 삶, 책이라는 것은 관심이 있고 오랜 동안 유지하면서 읽어야 관점이 생기고, 맥락기반으로 사고를 한다. 맥락적 사고를 한다는 것은 이미 타인의 삶과 삶의 연결고리를 찾았고, 정서의 흐름이나 지직의 체계이다. 따라서 타인의 삶을 이해하지 못하는 책쓰기는 의미가 없다."
9788927806035,10,"열심히 읽고 끄적이는 이에게 '읽기'와 '쓰기'에 관한 책을 주기적으로 읽는 건 꼭 필요한 것 같다. 읽고 쓰는 것의 매듭을 만들어주기 때문이다. 작가라는 금지선을 넘어가기 까지 작가의 읽고 쓰는 날들을 옅보는 것도 좋고, 새로운 책(하지만 대부분 읽어야지 하고 미뤘던 책)을 만나서 좋고."
9788927806035,6,전문적인 글쓰기 책이라 생각된다 삶을 녹여내는 글쓰기가 전반적 주제 인듯하나 결국은 많은 책을 접하고 꾸준한 글쓰기 연습을 통하여 자신의 스타일을 완성해가라는 이야기가길게 나열되어져 지루함이 느껴지기도 한다
9788927806035,2,과장과 허영이 가득찬 글쓰기. 자아도취적인 문장들이 책을 읽기 힘들게 만든다.
9788927806035,6,작가의 책에 대한 무한 애정이 인상깊었으나 글쓰기에 대한 그의 이야기는 다소 과장된 문체 속에서 피상적이어서 아쉽다. 많은 책읽기 관련 인용문이 나오며 뒤에는 유명작가들의 문체도 소개. 전체적으로 글쓰기 보다는 자신의 책사랑을 화려하게 강조하는데 그치지 않았나 싶다.
9788927806035,6,"글쓰기에 관한 수많은 ｀좋은｀ 레퍼런스 북들이 책쟁이 장석주의 편집하에 잔뜩 인용되어 있다. 앞부분은 책을 많이 읽으라는 조언, 뒷부분은 작가에 대한 평론(?)으로 이어진다."
9788927806035,6,과장하지 말고 느낀 그만큼만 쓸 순 없을까. 글쓰기에 대한 생각도 마찬가지다. 자신이 몸으로 느낀 딱 그만큼만 정확하게 기술하기. 이 분에게 늘 아쉬운 게 이것이다. 과장하지 않겠다고 하면서 여러 미문과 실감 없는 수식어로 글쓰기의 고됨을 써놓은 부분이 아쉽다.
9791185877211,8,매우 성실하고 균형적인 평가가 담겨있는 뛰어난 평전 같다. 생전의 푸쉬킨에 대해 제대로 이해할 수 있다. 다만 푸쉬낀의 백미라 할 수 있는 (러시아어로 씌어진) 시들을 접할 수 없는 한국인들에게 있어서는 다소 소장 가치가 떨어진다
9791185877211,8,"천하의 난봉군이지만, 번뜩이는 기재,,,,"
9788997760909,10,"문학을 통한 영성으로의 초대,"
9788997760909,10,"5편의 문학을 인문학적 해석과 관찰, 종교적인 색을 감미하여 소설을 더 깊이 있고 재미있게 다가갈 수 있게 해주는 책."
9788997760909,10,"5편의 이야기들을 이어령 박사님만의 특유한 해석과 철학을 바탕으로 인간적인, 너무나 인간적인 방식으로 풀어서 이해하기 쉽게 책을 집필하셨다"
9788997760909,10,80대노장이 던지는 생각거리··비록종교와 이념은 달라도 한번쯤은모든 사람들이 고민하고 매달린 주제사랑 종교 그리고 ···열공하세요
9788997760909,10,부록으로 주는 앙드레 지드의 ｀탕자 돌아오다｀라는 단편소설은 대부분 대화로 돼 있어서 그대로 연극 무대에 올려도 좋을 만큼 훌륭하다. 가을날 열리곤 하던 문학의 밤을 하는 교회가 지금은 거의 없겠지. 하지만 내가 교사라면 이런 연극 한번 해보고 싶네. 이거야말로 아주 고급진 일이 아닐까?
9788952116710,8,12년전 지하철에서 읽었던 책. 소설의 개념을 쫙 정리한 책. 다만 풍몽룡(馮夢龍)을 빙몽룡(憑夢龍)이라고 한 건 오류겠지요?
9788994013893,10,읽긴 읽는데... 다 머리속에 안들어와서 읽고 잊고 읽고 잊고 하네요ㅠㅠ내것이 될때까지 자꾸 읽어야 겠어요.
9788994013893,8,어휘를 제대로 사용한다는 것은 상황을 제대로 읽는다는 것을 의미한다고 했듯이 우리말 과 글 부모님과 아이들이 함께 읽기를 적극 추천 합니다.
9788994013893,8,한글 맞춤법도 헷갈리는 요즈음 두고두고 볼 수 있는 좋은 책.
9788994013893,8,일생 생활중에 우리말 문장에 도움이 돼어서 입니다.
9788994013893,10,한글 정말 어렵습니다. 많이 알고싶어요!
9788994013893,10,기대하고 구입합니다. 우리말이 어려워요..ㅎㅎ
9788997969364,4,"˝약탈경제˝를 하는 청석골이란 ˝경제공동체˝의 비민주적, 불평등적 ˝분배˝에 대한 변명, 이상화, ˝조선시대 백수지성의 향연˝을 떠받치던 ˝노예˝는 안 보이는 척하기."
9788997969364,8,"임꺽정의 등장인물 모두가 다 캐릭터 살아있고, 그 솔직한 모습이 현재 우리의 모습이길. 임꺽정을 제대로 읽고 이 책을 다시 읽어보길 희망하며."
9788997969364,10,백수에 대한 생각을 유쾌하게 전복시킴.
9788997969364,10,"자유롭고 당당하게 살았던 조선시대 청년백수들의 삶이 재미있고, 요즘 젊은이들에게도 들여주고 싶은 이야기입니다."
9788974188146,8,폴오스터의 작품세계를 들여다볼 수 있는 책. 작가에게 글쓰기란 무엇인가. 하나의 작품은 어떻게 완성되는지 차분하고 솔직하게 들려주고있다.
9788974188146,6,"글쓰기와 관련해 도움되는 조언을 들을 수 있을 거로 생각했는데, 실질적으로 글쓰기 관련 이야기는 많지 않다. 폴 오스터의 팬이 아닌 분은 나처럼 낚인 기분이 들 것 같다. 내용물에 비해 책 가격이 비싼 편이며, 번역이 다소 아쉽다."
9788974188146,10,삶에 있어 우연히 벌어지는 미스터리한 이야기를 소설속에 자주 등장시키는 폴오스터와 그의책에 대한 솔직하고 흥미진진한 인터뷰가 가득담긴 책으로 폴오스터의 글에 대한 생각을 엿볼수 있는 책이다.
9788974188146,8,표지 때문에 별 하나 뺐다. 인간사랑은 표지사랑도 좀 해주시길...
9788974188146,10,<<폴 오스터와의 대화>> 나오자마자 바로 구입해서 하루만에 읽었습니다. 마치 내가 인터뷰어가 되어 폴 오스터와 대화하는 듯한 느낌이었습니다. 정말 감명깊게 보았던 <<스모크>> 영화 제작 과정을 읽고 <<스모크>>를 다시 찾아 보았습니다. 소설 창작을 갈망하는 분들에게도 입문서로 강추합니다.
9788992114967,6,학부와 대학원 시절때 읽은 셰익스피어를 50을 바라보는 나이에 다른 사람의 눈으로 살펴보니 감회가 새롭기도 하고 셰익스피어 전 희곡을 번역한 저자의 용기와 능력에 부러움이 앞선다. 셰익스피어 비극과 희극을 열심히 읽어가는 그 시절이 많이 생각나는 하루다...
9788957078105,10,헤르만 헤세의 결코 다르지 않은 사랑이야기
9788957078105,10,인간 헤세의 사랑이 흥미롭네요
9788957078105,10,헤르만 헤세의 삶과 사랑을 알려주는 책
9788957078105,10,헤르만허세의 삶을 보다
9788957078105,10,독특한 느낌을 전해주는 책이었습니다. 그에게 그렇게 좋은 감정일수 없었을 여성들임에도 불구하고 은연중에 드러나는 헤르만 헤세의 매력을 볼 수 있었거든요.
9788957078105,10,헤르만헤세의 사랑에 대해 알수 있을것 같네요.세 여인과의 사랑. 그리고 헤어짐. 헤르만헤세의 지극히 개인적인 사랑의 이야기가 궁금해집니다.
9788957078105,10,헤르만헤세의 삶과 사랑에 깊이있게 알려준 책이네요
9788957078105,8,대문호 헤르만 헤세의 삶과 사랑을 엿보다
9788957078105,10,헤프만 헤세의 책 참 좋아요
9788957078105,10,천제들의 사생활? 작가의 작품들을 보다보면 실제로 이사람은 어떤 사람이까 궁금한 경우가 많은데 작가로서가아니라 인간 헤르만 헤세에 삶에 대하 알 수 있어 흥미롭습니다.
9788957078105,10,영원히 마모되지 않는 불꽃이지만 끊임없이 제 몸을 태워야하는 불꽃같은 사랑이 헤르만헤세의 사랑이었다니 !
9788957078105,8,놀랄 것도 없다. 결혼이 다 그런 거지. 게다가 헤세는 본래 시민적 삶과 가치와는 상극인 인물이었고 그런 상극의 세계를 평생 작품을 통해 구축한 사람이다. 그렇게 결혼에는 맞지 않는 사람이라고 놓아달라고 했는데도 불굴의 의지로 헤세를 남편 자리에 앉힌 세 여인은 대가를 톡톡히 치를 수 밖에.
9788952228987,8,셜록 홈즈를 사랑하는 이들이 알아야 할 내용을 콕콕 집어주는 액기스 같은 책
9788952228987,10,짧은 분량에도 불구하고 셜록홈즈에 대한 정보가 가득하다. 셜로키언이라면 분명 탐낼만한 책. 기획단계에서부터 시작됐을 작가의 노고가 느껴진다. 엄선된 자료들을 통해 만들어진 책이라 더욱 좋다.
9788952228987,10,"셜록홈즈에 대해 모든 것을 총망라한 책. 셜록홈즈에 대해 알고 싶어하는 사람들에게 좋은 책인 동시에, 셜록키언들에겐 소장가치가 많은 책."
9788952228987,10,"누구나 한 번 쯤 읽어 봤던, 또는 영화나 드라마로 접해 보던 ｀셜록 홈즈｀를 한국인의 시선에서 해석된 책. 나 또 한 셜록홈즈에 대한 자료 수집에 필요한 수집도구로써 생각한다면 이 책에 대한 가치를 낮게 평가 한 것이라고 생각한다."
9788952228987,10,탐정소설의 대명사 셜록홈즈를 세밀하게 파헤치고 조명한 수작.홈즈 파트너 왓슨과 작가 코난도일까지 그들의 성격 환경 심리상태를 작품과 연관시켜 추적하는 또 하나의 탐정소설..저자 김재성 역시 의사로 일하며 과학과 역사 지리 음악을 아우르는 추리소설을 써내고 있는 한국의 코난도일이다
9788952228987,10,"나름 Sherlockian 인지라, 자료 수집 차원에서라도 구매해야 했다. 책의 판형이나 총서의 성격상 그냥 자료 함축 나열의 수준으로 생각했던 선입견이 없지 않았는데... 책을 펼치는 순간! 세상에는 고수가 많다는 사실을 새삼 깨달았다. 작가의 집념과 식견에 감탄한다."
9788952228987,10,최근셜록홈즈에대해 관심이 생겨 이책저책읽어 보고있었는데 사실 작고가벼워 이동중에 가볍게 읽어볼려고 구매했는데 알찬내용만있어서 좋아요 마치 두꺼운서적들의 핵심만 모아놓은 요점정리집 같아요!!!
9788952228987,10,"평소 코난이나 셜록홈즈와같은 탐정에대해 관심이 많았다. 그래서 영화와 드라마를 많이 봤지만, 셜록홈즈 책은 많이 읽지못했다. 그런데 이책을읽고 홈즈에 대한 모든것을 쉽게 알게되었다. 강추! 시간이없는 셜록홈즈팬들에게는 정말 강추합니다.!"
9788962926606,8,"접사나 어근을 형성하는 형태의 기원을 안다면, 모국어의 분석이 이미 이루어진 상태이므로, 이를 바탕으로 한 학습은 훨씬 순조로울 것이다. 영단어도 그러하듯이, 우리말, 특히 고유어의 의미를 생짜로 기억하기란 정말 쉽지 않다. 그러하기에 이 사전의 가치는 빛난다."
9788962926606,8,어원을 알면 우리말이 더 재밌고 쉽게 느껴지네요
9788962926606,10,무심코 쓰는 많은 단어의 어원을 알게 된다면 보다 정확하고 체계적으로 사용할 수 있을 것 같아서.
9788959793396,4,학생이나 관심있는 일반 독자들을 위해서라도 책값 상승을 한번이라도 다시 생각해 주셨으면 좋지 않았을까 ... 생각된다.
9791185578033,10,소설 쓰기 위해서 윤곽을 잡는 법을 알려주는 좋은 책
9788932912202,10,최고의 내용과 최악의 번역. 전공자로서 내용에 대한 역자의 훌륭한 이해가 느껴지는 것은 분명하다. 각주에서의 구체적인 설명도 인상깊다.하지만 그러한 노력을 무산시킬 정도로 문장이 더럽다. 전문 번역가의 작품을 읽어야 하나 고민될 정도로.
9788932912202,10,질문에 질문을 더하고  느낌표에 느낌표를  더하다가  책을 덮을 땐 쉼표를  안고가는 책
9788932912202,10,"니체의 현대철학자로서의 면모만 부각되고 있지만, 사실 그는 고전문헌학자였고 그의 많은 사유는 희랍사유에서 그 원천을 찾을 수 있습니다. 특히 당대 문헌학적 논쟁의 산물인 비극의 탄생은 고전문헌을 전공한 역자의 번역본인 이 판을 보는게 좋다고 생각합니다."
9788994054513,10,"영역본으로도 읽기 어려운 책이었는데, 번역서와 영역본을 대조하면서 보니까 번역이 참 공을 들인 것이라는 생각이 들었습니다. 다만 영역본에 있는 Dirda의 서문도 번역되었으면 하는 아쉬움은 있습니다."
9791156330066,8,작가란무엇인가1 거의 아는 작가들의 인터뷰라 들뜬 마음으로 읽고 있는 중 이다
9791156330066,8,"안 읽히는 부분도 있지만 목숨걸고 글 쓰는 작가들에 대한 존경의 마음만은 변함이 없습니다. 움베르토 에코, 레이먼드 카버 인터뷰가 특히 좋았습니다."
9791156330066,8,"한 권의 소설이라도 써보고 싶은 마음은 변함이 없지만, 쉽지 않다. 읽었던 소설가들의 인터뷰 집이라 그런지 집중이 잘 되고 재미있었다. 소설 이외의 것들에 대해 아는 것도 소설을 이해하는 데 도움이 된 듯 하다."
9791156330066,6,"짐짓 별거 아닌 듯이 얘기하지만, 대단하다."
9791156330066,6,작가란 글로써 모든 것을 말하지만 독자는 글로써 작가를 듣고 싶다
9791156330066,8,글을 쓰고싶게 만드는 책. 김연수의 머릿글부터 좋다.
9791156330066,6,"번역이 매끄럽지 못한 부분이 느껴진다.인터뷰한 작가의 책을 읽지 않았다면, 또한 이해가 좀 어렵다.그래도 위대한 작가들의 내면을 들여다 볼 수 있어서 즐거웠다."
9791156330066,10,작가란무엇인가. 여러작가들의 솔직한이야기를 들을수있어서너무좋은 시간이였습니다.
9791156330066,10,거장들의 삶을 듣는 것만으로도 좋다. 좋아하는 작가는 몇 번을 읽어도 좋아요 ㅎ
9791156330066,10,왜 쓰는가. 어떻게 읽을까도 어째서 그랬는가도 아닌 왜 쓰는가. 유명 작가들의 삶이 담긴 르포르타쥬가 마음을 흔든다.
9791156330066,8,"정말 좋은 작가분들이 많네요, 기대됩니다"
9791156330066,10,"그들의 작품속에서는 들을 수 없었던 목소리를 직접 듣게 되어 반가운 책이다. 그 명성만으로도 기가 죽는 느낌이었지만, 그들이 어떤 사람인지 어떤 생각들을 가지고 있는지 들어볼 수 있는 좋은 경험이었다."
9791156330066,8,"유명작가들의 내밀한 이야기는 항상 흥미롭게 다가온다. 글쓰기에 대한 자세라든지 작가의 사생활 등은 이런 인터뷰가 아니고서는 알기 어렵기에 더욱 그렇다.  2,3권도 기대된다"
9791156330066,10,작가들의 생생한 목소리. 한 편 한 편이 귀하다.
9791156330066,10,지인의 추천
9791156330066,10,글쓰기에 관심이 있는 사람이라면 읽어봐야한다고 생각합니다.
9791156330066,10,명작가들의 실체를 조금이나마 가깝게 그려볼 수 있다.
9791156330066,8,굿
9791156330066,8,"포크너의 인터뷰가 제일 좋았다. 별로인 인터뷰도 있다. 읽으면서 드는 생각은, 작가들 말투가 비슷하다는 것. 번역이라 어쩔 수 없나... 그래도 좋은 기획이다."
9791156330066,8,훌륭한 작품이 탄생하기까지 작가의 생각이나 고뇌 등을 엿볼 수 있다. 그 작가의 작품을 이해하기 위해 반드시 읽어야 할 책이라고 생각한다.
9791156330066,10,읽는 사람이 쓰는 사람의 마음을 깊숙이 느낄 수 있는 책
9791156330066,10,작가 지망생으로서 작가들의 자잘한 머릿속을 알게 되어서 감사한 책이었습니다. 자칫 글을 쓰고 있는 자신을 발견하게 될 지도 모르겠습니다.
9791156330066,6,프로다움이 담겨 있음
9791156330066,8,꼭한번 일어보고싶습니다
9791156330066,10,작가들이 자신의 작가와 소설에 대한 이야기를 해주는 인터뷰를 읽는 재미가 훌륭하다.
9791156330066,10,"글쟁이의 글을 쓴다는 것의 고통, 한 시대를 이해하며 살아간다는 것의 의미, 나아가 어제보다 나은 오늘, 내일을 위한 애씀에 대해 생각하게 되는 책입니다. 정말 오래 곁에 두고 싶고 마음이 어려울 때마다 펼쳐보게 되는 책입니다."
9791156330066,8,사랑하는 그들을 더더욱 잘 알고 싶으니까요
9791156330066,10,좋다. 재미없는 인터뷰가 없는 건 아니지만. 2-3권을 사지 않을 수 없다.
9791156330066,10,필립 로스의 깊이있는 인터뷰를 읽을 수 있다는 것만으로도 감사!! 몇번이고 반복해서 읽었다..
9791156330066,10,좋은 기획이네요. 작가들의 인터뷰를 골라 묶다니. 앞으로도 계속 나와 주면 좋겠습니다.
9791156330066,10,포크너의 인터뷰는 평생 기억할 것이다.
9791156330066,10,거장들의 인터뷰
9791156330066,10,산 책 중 왜 거지같은 책만...
9791156330066,10,내가 알고 있던 혹은 모르고 있던 작가들을 들어볼 수 있었었다.
9791156330066,10,독서 교양
9791156330066,10,"소설에 관심이 있다면, 도저히 지나치지 못할 주옥같은 인터뷰들. 인터뷰이도 훌륭하지만, 인터뷰어의 애정이 느껴진다."
9791156330066,10,문학 거장들의 인터뷰 내용을 통해 그들의 문학 세계를 조금이나마 알 수 있었다.
9791156330066,10,개인적으로 파리리뷰의 인터뷰보다 김연수의 서문이 더 명문이었다.
9791156330066,10,"좋아하는 작가들의 인터뷰를 보며 그들을 조금이나마 이해할 수 있었고, 잘 모르는 작가들의 인터뷰를 통해 그들을 알고 싶게 만든 책."
9791156330066,10,작가에 대한 인터뷰집의 모범
9791156330066,10,서문마저 아름다웠던 책.
9791156330066,10,영감을 찾는 사람들은 아마추어이고 우리는 일어나서 일하러 간다.
9791156330066,10,거장들의 생각을 엿볼수 있는 기회
9791156330066,10,욕망의 뿌리가 잘리지 않듯이 호기심은 좀 더 많은 이해를 필요로 한다.  들에 핀 앵초보다 아직 작가들이 궁금한 이유는 서로 다르겠지.  좀 더 들춰보고픈 맘은 없을까 ?
9791156330066,8,"소설가들의 소설가라 불리우는 대가들의 생각과 기질을 엿볼 수 있으며, 그들과 직접 대화하고 있는 듯한 설레임, 또한 가슴에 새길 만한 아포리즘도 덤으로 얻을 수 있는 그런 좋은 책."
9791156330066,10,작가들에 대한 엿보기 욕구를 충족시켜주는 깊이있는 인터뷰집!
9791156330066,10,글을 쓰고자 하는 이들에게 특히 유용한 책~
9791156330066,10,작가가 작가에게 글쓰기의 비밀을 묻는다. 그들의 솔직하고도 의미심장한 대화록!
9791156330066,10,"움베르토 에코, 오르한 파묵, 폴 오스터 등 거장들의 글쓰기에 대한 생각들과 진솔한 내면의 모습을 볼 수 있어 좋았습니다.매우 밀도 높은 인터뷰집으로 다음 권을 기대하게 합니다."
9791156330066,10,위대한 작가들의 위대한 이야기
9791156330066,10,작가들의 은밀한 속내를 들여다 본 기분 ‘그들의 치열한 고민과 인간적인 면을 보여주었다.작가는 먼 곳에 있는 존재가 아니었다.그들도 일상을 살아가면서 늘 고민하고 생각하고 쓰는 사람들이다.늘 쓰는 일이 쉽지
9791156330066,10,"'글'이라는 것을 다시 생각할 수 있게 됐고, '쓰는 것'에 대한 자극을 다시 불러일으켰기 때문에."
9791156330066,8,궁금했던 작가들의 글쓰기 뒷이야기가 진솔하게 담겨 있어서 정말 좋았습니다.
9791156330066,10,글을 쓰든 쓰지 않든 작가의 본질을 찾을 수 있는 좋은 책이었다.
9791156330066,8,궁금했던 작가들에 대해
9791156330066,10,대가들을 만난다는 기쁨!
9791156330066,10,작가가 어떤 일을 하는 사람인지 들여다 보는 창같은 책.
9791156330066,10,드디어 구매 궁금 궁금
9791156330066,8,"술을끊은게인생에서가장자랑스럽다는레이먼드카버,노동자대부분은세상을지배하는사람만큼똑똑하다는폴오스터,하루종일글을쓰며2~3년그렇게앉아있으면한편의작품이완성된다는필립로스,책을읽으면삶의마지막에가서는수없이많은삶을살게되는특권을누리는것이라는움베르토에코-이들네명의인터뷰특히좋다."
9791156330066,10,성공한 작가들의 인터뷰집. 솔직하게 말하는 작가도 있고 두리뭉실 돌려말하는 작가도 있지만 어쨌든 정상을 찍어본 사람이 하는 말은 거짓말도 농담도 경청할 가치가 있다. 추천!!
9791156330066,10,"매우 잘 읽어지는 좋은 책입니다. 위대한 작가들의 집필 수법, 시간을 보내는 법을 살펴보는 재미가 있습니다. : )"
9791156330066,10,뭔가 어려워 보이긴 하나. 도전해보고 싶은책. 좋아하는 작가들만 모여있는 인터뷰 책. 책을 읽으면서 더더 책을 읽고 싶어진다.~
9791156330066,8,좋아하는 작가들의 목소리를 직접 들을 수 있다는 것만으로도. 이 책은 목차만 봐도 흐뭇해지는 듯. 기획의 힘.
9791156330066,8,서점에서 몇 장 읽다가 충동구매한 책. 후회하지는 않는다.
9791156330066,8,국내에서 사랑받는 작가들의 인터뷰집. 문화의 힘은 또한 작가로부터도 나오는 것이 아닐까 생각해본다. 언젠가 국내 작가들의 인터뷰도 실리는 날이 오겠지.
9791156330066,8,소설가는 마땅히 그의 소설로 그를 보아야하겠으나 그들 자신의 이야기가 궁금해서 참을 수가 없었다.
9791156330066,2,-랍니다. -답니다. 화려한 작가진이고 뭐고 읽혀야 글인데 읽히지가 않으므로 점수를 줄 수가 없다.
9791156330066,10,맨 앞의 김영하의 추천사는 건너뛰고 읽을 것. 매번 하던 식으로 첫장부터 읽다가 김영하 글을 지나 본문으로 넘어왔는데 김영하처럼 (혹은 김영하를 흉내내면서) 이 책을 읽을지도 모른다는 암담함을 느꼈다. 김영하를 별로 좋아하지 않기 때문에 약간 짜증이 나려고 함.
9791156330066,10,예전에 나왔던 안정효 씨 번역본과 인터뷰이가 많이 겹치지 않아서 좋네요.
9791156330066,8,이번 달 도서지출비를 이미 넘어섰다. 그러나 마음에 끌려 살 수 밖에 없었다..
9791156330066,8,많이 늦었지만 읽고 싶었던... 아쉬운 점은 무슨 생각으로 제목을 ｀작가란 무엇인가｀로 지었는지.... 파리 리뷰 인터뷰1이 훨씬 좋지 않은가. 2권도 나올텐데. 그러면 작가란 무엇인가2로 지을텐가.
9791156330066,8,"오역 하나 발견. 334쪽 9번 줄˝그 책에서 제가 쓴 첫 번째 단편˝(X), ˝그 책 이후에 쓴 첫 번째 단편˝(O). 다음 권도 얼른 나왔으면 좋겠네요."
9791156330066,8,"독자들 입장에서는 상당히 설레이고 마음을 가라앉힐수 없는 책이다. 이렇게 모아놓다니, 마치 영화 어벤져스? 아직 읽어보지는 못했지만 펼쳐보니 책의 구성도 꼼꼼히 신경썼다. 당대 소설가들의 소설 안과 밖 이야기를 듣는다는 점이.. 나도 모르게 질렀다.. 마트 미끼상품도 아닌데..ㅠ 아 설레인다"
9791156330066,2,"http://www.theparisreview.org/interviews
를...번역한거라는 거군요. 흠."
9791156330066,10,아..어찌 이런 제목을 책을 안사고 그냥 넘어갈 수 있겠는가!!재미는 당연하다~
9791156330066,10,전 세계 하루키 팬들이 가장 좋아한다는 2004년 파리리뷰 인터뷰가 실려 있네요.
9791156330066,6,파리 리뷰는 무지 빡빡한 책인데 헐렁하게 만들었네요.
9791156330066,8,"하루키를 좋아해서 소장하고 싶어 샀는데, 세계문학 읽는 사람들에게도 가이드가 될 테고 소설 습작생들에게도 크게 도움이 될만한 책이다."
9788965550259,2,루미를 처음 접하는 자에게 당혹스런 구성. 1장 전기부터 마지막장 춤까지 어느하나 명확한 느낌이 없다. 신비주의자의 시와 해설의 엇갈린 배치는 독서를 방해하고 감동도 없다.
9788965550259,8,"선물로 받게 된 책입니다. 아직까지 이슬람 문화권의 작가 책을 읽어본적이 없습니다. 어렸을때 만화로 본 아라비안 나이트정도가 고작이네요. 하지만 인간의 근본적인 사상인 사랑과 우정과 지혜 등등은 다른 문화권과 크게 다르지 않다고 생각되어집니다.
 
개인적으로 루미님의 사상과 의식을 알수있게 해주는 뜻깊은 작품이라고 생각합니다"
9788936483395,4,독일 철학은 자신있는데..문화이론에 접목하니 이 책 주장에 동의가 안되네...이해가 안 되는 건가?
9788936483395,10,"제임슨의 글이 좋은 건지, 번역이 좋은 건지, 어떤 문장들은 한 편의 시 처럼 아름답다.흥미진진한 내용이 가득하다. 소설의 발생과 형식, 구조주의자들에 대한 생각을 살펴볼 수 있어 좋다."
9788936483395,10,"연구자가 아니고서는 좀체 찾기 어려운 책이겠지만, 20년이 넘는 시간에 무뎌지지 않는 통찰이 빛나는 책이다."
9788996775171,6,"연대순으로, 아이템에 따라, 좋아하는 작가와의 연관성에 따라...심플한 서술"
9788937454509,10,지적 쾌락의 묘미을 알 수 있게해주는 책
9788937454509,10,고도는 나와 너 사이에 이미 도래한 것이었나
9788937454509,8,"이 책은 흩어져 있는 바디우의 베케트론을 한데 모은 한국판 편집본이다. 이를테면 책의 1장은 <조건들>에, 4장은 <비미학>에 수록된 글로서 이미 국내에 소개된 바 있다. 별개의 글들이다 보니 반복되고 겹치는 내용도 제법 많다. 구입에 참고하시길. 역자들이 이 점을 자세히 밝히지 않은 점이 아쉽"
9788965550228,6,"소세키는 한일합방과 포스트모던으로, 하루키는 중국에 대한 폭력과 모던 지향으로. 참 다양한 독법이 있군요."
9788998791025,8,"탐정 소설,특히 탐정의 변모를 많지 않은 분량속에 잘 정리한 책. 문득 이 작가분 소설을 다시 보고 싶어진다"
9788998791025,8,탐정소설의 기원부터 그 흐름을 잘 정리해준 책!
9788998791025,8,도로시 세이어즈의 예리함을 느낄 수 있는 글.
9788998791025,8,추리소설의 원형이 어땠는지 짐작해볼 수 있는 귀중한 자료. 원래는 서문으로 작성되었던 거라 짧아서 들고다니며 읽기 좋음.
9788998791025,8,"탐정소설 마니아거나 이런 소설을 쓰거나 논평하고 싶은 사람을 위한 좋은 참고 도서. 이 씬의 고전을 여러 각도에서 잘 정리한 듯. 그나저나, 이 책으로 에스프레소 노벨라 시리즈 전부 읽음."
9788998791025,8,추리소설 황금기까지의 깔끔한 소개서
9788959137237,8,"러시아 문학 속 음식들을 통해 러시아인들의 다채롭고 역동적인 역사와 문화, 정신세계를 만난다. 책에 언급된 작품들을 읽지 않았어도 즐겁게 읽을 수 있다. 다만 음식 사진이 한 장도 없어 독자 스스로 검색해 봐야 한다는 것이 아쉽다."
9788959137237,10,음식을 코드로 러시아문화에 다가서기. 아이디어가 참신하다.
9788994228600,6,"헤밍웨이와 문체와 기질의 차이를 염두에 두고 읽으면 더 재미있는 듯. 술과 여자에 빠져서 한명은 소설 한 편 쓸때마다 결혼을 반복, 다른 한 명은 젊은 애들과 바람, 그리고 셔우드 앤더슨이라는 은인의 통수를 친 건 둘 다 마찬가지."
9788994228600,8,개인적으로 포크너는 미국작가들 중 가장 깊이있는 감독이라 생각함. 읽어보고 싶네요.
9788955861723,6,글세? 위대한 톨스토이의 찬양록?
9788955861723,10,대문호 톨스토이를 바라보는 시각 중 가장 객관성을 지닌 평가의 하나가 아닌가 싶습니다.  츠바이크는 도덕주의에 사로 잡힌 톨스토이를 신랄하게 파해칩니다.  츠바이크를 읽은 후 톨스토이를 다시 읽으면 또 다른 톨스토이가 보일 겁니다.  머스트 리딩 아이템^^
9788931360486,8,"1940년대의 스탈린을 찬양하던 소위 지식인들과는 달리 ˝스탈린의 엉덩이나 핥는 영국 지식인은 히틀러에게 충성을 맹세한 지식인과 별반 다르지 않다˝ 같은 말을 공공연히 썼으니, 조지 오웰을 좋아할 수 밖에 없다. 책의 구성상 앞에 더 흥미로운 글들을 배치했으면 더 좋았을 것."
9788931360486,2,서문 첫 장부터 뭔 말인지 모르겠네.. 직역이 너무 심하네요ㅡㅡ^ 책 미리보기가 안돼서 제목이랑 목차만 보고  산건데 뭔 번역숙제도 아니고 이렇게 성의없이 하셨답니까. 무려 비평집인데ㅜㅜ 영문학 전공이었다면 더 술술 읽힐 것 같단 생각도 듭니다. <이론과실천> 좋은 번역가 좀 쓰세요ㅜㅜㅜㅠ
9788931360486,10,"오웰의 글은 간결하고 단호하고 재미있다. 그는 한 치의 물러섬도 없이 현상의 이면으로 파고들어가 노련한 솜씨로 그것의 핵심을 잡아낸다. 또, 권력과 시류에 눈치를 보지않고 오로지 자신이 보고 배운 바에 따라 할 말을 한다. 헌데 안타깝게도, 왜 우리에게는 이러한 작가가 없는 것일까."
9788994228556,10,포크너 읽은 후부터 김욱동 선생님 번역서와 저서들은 무조건 구매..
9788952766403,6,나온지 꽤 되었지만 그림책에 공헌한 세계작가들의 프로필과 그림체를 두루 살펴볼 수 있어서 좋다
9788952766403,10,"이 책은 블랙홀이다
그림책에 푹 빠져들면 헤어나올수 없을 만큼 아주 위대한 자료이다."
9788994228563,4,원작이 너무 명징하기 때문에 해설들이 군더더기처럼 느껴져서 그런건지 당초 보다 알찬 책이라는 느낌은 들지 않는다. <동물농장>이 아니었다면 또 모르겠다.
9788976821553,10,"소설을 쓰려는 이들도, 쓰고 있는 이들도 제발 좀 봐주기를 사정하고픈 책. 재미도 없고, 흥미도 없고, 뭣도 없던 소설은, 그걸 쓴 이가 이 책을 읽지 않아서일 것이다."
9788976821553,10,글쓰기 뿐만 아니라 삶의 자세에 대해서도 다시 돌아보게 하는 책.
9788976821553,6,"정신분석에서는 말하기/듣기의 대화가 치료방법의 전부이다(p154) 언어화, 개념화의 중요성."
9788976821553,10,"개굴개굴개굴.... 지금 나는 개구리라서 개굴개굴 개굴거릴 뿐이지만, 책을 읽는 동안 잠깐씩 정신이 들면서, 가끔씩 공주님 왕자님 우아한 하품 소리도 내보았다. 글쓰고싶어지는 글쓰기공작소 강추! 깨굴~~"
9788976821553,10,"개굴개굴. 내가 지금까지 개구리의 언어로 살았다니... 타인의 언어, 일상의 언어가 아닌 나의 언어를 찾는 길을 알려주는 책."
9788976821553,10,"글쓰기에 대한 실례들이 많아서 좋아요.. 제가 공주인 줄은 알았는데, 개구리인 줄은 이번에 알게 되었네요. ㅎㅎ"
9788976821553,10,글쓰기에 좀더 쉽게 접근하게 해주는 기본서.....
9788976821553,10,아트앤스터디의 온라인 강좌와 함께 읽으면 좋을듯하다. 실제로 지속적으로 글쓰기 교육을 하며 나온 책이라 열의있는 글쓰기 시리즈인듯
9788932316369,8,"갠적으론 쫙쫙 읽히는 책이 아니다.-_- 아직 다 읽지는 못했는데 부분부분 관심있는 부분만 읽어 봤다. 그중 조르쥬 상드와 앙드레 지드 장이 그나마 흥미로웠다. 시간날 때 다시 정독해 봐야지.. 근데 난 아직 ｀잃어버린 시간을 찾아서｀도 1, 2권만 읽어 봤잖아~?! ㅋㅋㅋ"
9788937484131,10,최고의 미학 교과서.
9788937484131,6,기대했던 것과는 달리 글들의 연결이나 구성이 산만하고 글 자체의 재미가 없어 실망스러웠습니다
9788936472191,6,"친절하지만 다소 교과서적인 해설서. 나희덕의 시도 그렇지만, 이 책에 수록된 시들 역시 착하고 예쁜 것들이 대다수라는 점은 아쉬움. 2000년대 이후 등단한 시인들의 작품이 거의 없다는 것도 그런 편향에 한몫."
9788936472191,10,나희덕 시인의 시는 늘 기대 이상입니다. 그런데 이 책 역시 기대 이상입니다. 한 문장 한 문장 다 마음에 새기며 읽게 되는 현대시 강의론입니다. 이 겨울 시를 이해하고픈 이에게 강추해요!!
9788937485794,8,삶을 생생하게 감각할 수 있는 사람이라면 좋은 소설 독자가 될 수있겠구나. 그동안 왜 소설 읽기가 어려웠는지를 어렴풋이 알게되었습니다.
9788937485794,10,"제목에 끌려 빌렸고, 이건 소장이라 구입한다."
9788937485794,8,"소설 독자들이 느끼는 희열은 박물관 관람객들이 느끼는 그것과는 다릅니다. 소설은 사물 자체가 아니라, 사물과 우리의 지각이 만나는 순간을 보존하기 때문입니다. p.130"
9788937485794,10,내 이름은 빨강... 저에게 잊을 수 없는 책이었죠...
9788937485794,8,"쉽고 잔잔하고 우아한 책. ｀소박한 vs 성찰하는｀의 이분법을 소박한 듯 하면서도 세련되게 변주하면서 소설을 쓸 때와 읽을 때 실제로 무슨 일이 일어나는지 파고든다. 그림과 소설의 같고 다름, 박물관과 소설의 같고 다름, 그리고 움직이는 심연인 중심부라는 개념(the center), 모두 흥미릅다."
9788937485794,10,나라는 소설을 경주하는 법.
9788937485794,8,"적어도 나에겐 쉬운책이 아니어서, 마음을 비우고 편안하게 강의를 듣는다는 느낌으로 읽었던것 같다."
9788937485794,8,"작가의 전기이자 일기, 독서록, 방법서. 소설창작보다는 오히려 독서할 때의 내 생각이나 느낌을 환기시켜준다. 수많은 소설창작법 류의 책보다 좋다. 하지만 모르는 작가들 이름이 많아서 이해에 한계가 ㅠㅠ"
9788937485794,10,독자의 입장을 콕찝어서 작가가 이야기해준다. 조금 어려운 듯도 하지만 흥미있게 따라가게 되는 그의 이야기들...글쓰기의 삶을 진지하게 생각해보았다.
9788937485794,10,"소박한 소설가와 성찰적인 소설가, 더 마음이 가는 쪽이 어느 쪽인가 생각하다가 결국에는 저울질 자체가 불가하다는 걸 깨닫는다. 매우 기본적인 내용을 담은 책이라는데, 나는 기본도 없어서 나름 의미있었다."
9788982181740,10,"삶 자체가 문학레이먼드버의 전기입니다.짧았던 생이지만, 그가 남긴 작품 (유산)들과평생 단편소설과 시만 적어왔던 많은 작가에게 영감을 준 언어의 마술사.레이먼드카버의 삶은 그 자체가 (그의 죽음마저도)한편의 명작 소설이었다."
9788982181740,8,"오랜기간 나의 넘버원 작가. 하지만 내가 정말 카버를 좋아했던 건지, 시대적 붐에 편승했던 건지 어느 날 문득 너무 헷갈리더라.."
9788982181740,10,레이먼드 카버의 단편 「대성당」의 구절을 빌려 말하겠다. ˝It｀s really something.˝
9788982181740,10,"어쩌면, 무조건, 사야 하는 책이다, 카버를 알고 있다면, 그리고 앞으로 알고 싶다면."
9788971994849,8,이방인 챕터 읽으려고 펼쳐 들었다가 의도치 않게 꾸벅꾸벅. 제가 확실히 이런 분석적인 글에는 많이 나약한가 봅니다. 한없이 쪼그라들어서 아 위대한 프랑스 현대 소설가들이여! 하고 침묵. 프루스트 6권까지 읽고 중도포기했는데 곧 쉰이 되는데 한번 읽어볼까 그런 무모한 마음이 문득 광폭하게!
9788971396162,10,어떻게 하면 이런 책을 쓸 수 있나요? 오래 망설인 끝에 이제야 읽게된 것을 몹시! 후회합니다.
9788971396162,10,카프카의 생애에 대해 오랜세월 연구한 흔적이 분명하다. 적절한 소설적 상상을 발휘해 파악한 카프카의 마음에 카프카적 공감을 불러일으킨다. 처음으로 피를 쏟고 나서 기록한 카프카의 묘한 웃음에 한참을 더 이상 읽어나갈 수 없었다. 최고수준의 평전이다
9788971396162,10,너무너무나좋은책!!!!카프카에대해더많은것을알고싶어졌고이기회에카프카의작품을전부다시읽기로결심했다개인적으로막스브로트의카프카전기가나왔음얼마나좋을까싶다
9788971396162,10,"억압된 삶 속에서 위대한 글을 남긴 진정한 작가의 표석, 카프카의 완벽한 해부 더 이상의 카프카는 없다."
9788971396162,10,"한국인 학자가 쓴 카프카 평전! 40년 남짓 생을 살다간 카프카, 촘촘하고 꼼꼼하게 그의 전생애를 펼쳐보인다. 페이지를 넘기다보면 카프카와 함께 프라하,빈을 걷게되는 황홀경을 체험하게 된다."
9788957076408,10,"정치와 SF의 상상력을 존중하는 사람들에겐 판타스틱하다. 지젝,푸코, 아감벤, 슈미트, 하이데거가 비평의 도구이며 영화<지구를 지켜라>와 한국의 묵시록적 소설등이 재료다. 내가 아끼는 주제라 애정이간다"
9788957076408,8,좋은 소설처럼 한 번 잡으면 끝까지 읽게 된다. 놀라운 가독성을 지녔다. 비평인데도 말이다. 깊이 있게 이해한 사람의 글이다. (부활한 쇼펜하우어｀들｀ 대한 비판은 정치적 열정이 앞선 것으로 보여 슬펐다^^;)
9788974113186,8,"일제 및 군부독재정권에 영합하여 비난을 많이 받고 있지만 시에 있어서만큼은  작품성을 인정받고 있으며 우리나라 대부분의 시인들에게 절대적인 영향을 미친사람,모국어의 아름다움을 원초적 감정에 기대여 가장 능수능란하게 표현한 시인,그런데 신비평에서 말하는 작품과 작가의 분리는 가능한가?"
9788954617161,6,도스토옙스키의 전반적인 삶을 알고 싶다면 추천드리고 싶은 책이다. 그러나 이미 도스토옙스키에 대해 어느 정도 지식이 있는 사람들에겐 그다지 깊은 인상을 받지 못할 책이기도 하다. 물론 개인취향이지만 적어도 내게는 그렇게 느껴졌다.
9788954617161,10,"도스또예프스끼 문학이 완성되는 과정의 수많은 에피소드와 삶의 흔적을 담았다. '죄와 벌'이 도스또예프스끼의 아내 안나의 타이핑으로 완성되었다는 것도 색달랐고, '카라마조프씨의 형제들'의 알렉세이는 작가의 죽은 아들 알료사(애칭)였다는 점에서 주인공들에 새로운 시각을 부여할 수 있었었다."
9788954617161,6,도스토예프스키를 즐겨 읽고 작가의 삶이 궁금하다면 읽어볼 만 하다. 작품 해석이 조금 상투적인 면은 있지만....
9788954617161,10,도스또예프스끼를 생생하게 체험하게 해 주셔서 정말 감사드립니다..뿌쉬낀만 나오면 위축되곤 했는데..그의 삶의 여정을 따라 19세기 러시아문학을 따뜻하게 느낄 수 있는 기회가 되었습니다...
9788954617161,10,도스또예프스끼의 작품에 대해 더욱 다가가게 해줄 수 있는 책!!
9788954617161,10,도스토옙스키의 출생부터 사망까지 시간순으로 쫓아 방문하고 사진찍은 자료가 재미있다. 전기적 사실도 기존 책에 소개 안된 내용을 포함해서 소개. 작품론으로서는 다소 평이할 수 있으나 아름다운 책임에 분명.
9788954617161,10,도스또예프스키에 관한 책이라면 눈여겨 보지 않을 수 없다. 더 많이 더 잘 이해하고 싶으니까.
9788974996369,10,의정부시에서 학생과 일반 시민들을 대상으로 시낭송을 지도하고 있는데 이 책은 시낭송 교재로 매우 적절하며 우리나라에서 가장 오랫동안 시낭송을 이끌어 온 저자의 노고를 쉽게 발견할 수 있습니다.
9788959664467,10,한용운 시인의 모든 것을 담아놓은 최고의 전집. 그런데 이렇게 저작이 많았나? 놀랍다.
9788959664467,10,탐 나는 세트인데 가격이 비싸다... 소장하고 싶은 세트~
9788982181665,6,"김현과 김윤식에 대한 옛 추억으로 읽었는데, 여기서 다루고 있는 한국 소설들 거의 읽은 것이 없어서..."
9788982181665,10,선생님의 글은 어떤 작법 책보다 도움이 많이 되리라 생각합니다. 꼭 읽어보겠습니다
9788972976608,6,즐거움 책보다는 별로고.....가장 큰 문제는 이 분의 책은 몇권 읽으면 이야기가 돌고 돈다....철학vs철학 감정수업 철학이 필요한시간 정도면 충분하다
9788972976608,10,인간이 더 인간답기 위해 그리고 인간으로 태어나 짓밟히지 않기 위해 인문학이 필요함을 어렵지 않게 시와 함께 질문 던지듯 물음표와 각성을 건네준 책이다 철학적 시읽기의 즐거움도 마저 읽어야 겠다는 열의를 주셨다는.....
9788972976608,8,강신주의 철학이 시의 옷을 입었다 물론 철학적 시 읽기의 즐거움보다는 좀 약하긴 하지만 적극 추천하고 싶습니다
9788972976608,8,｀철학적 시읽기의 즐거움｀ 속편격인가?ㅋㅋ우리나라 시인들이 많이 나와서 좋았다. 사람들이 익히 아는 시인들도 나오고!
9788972976608,10,이 책은 ˝나를 타락하게 하는 불온서적˝ 나의 안에 깊숙한 곳에 잠재되어있는 자아를.. 너무 적나라하게 까발리거든요.. 철학적 사유는 나를 껍질에서 깨어나오게 하는데.. 그 과정이 고통스러워요.
9788972976608,10,"시와 철학의 만남, 저자의 맛깔스러운 해석이 자칫 상념으로만 흐를 수 있는 철학과 시를 내 곁에서 숨쉬고 있는 일상과 생활에서 만날 수 있게 해 준다."
9788972976608,10,"철학자들의 사유와 시인들의 작품과의 만남, 괴로움은 진정한 즐거움을 찾는 지적 탐색의 역설적인 표현! 우리들 삶에서 부딪치는 각종 사건들을 해결하는 암호를 주체적으로 만들자는 저자의 역설에 호응하며..."
9788972976608,8,철학적 시읽기의 즐거움을 보고 반해서 연속구매합니다. 깊이가 있으면서도 마음에 닿는 강신주님의 문체를 아주 좋아합니다.
9788972976608,10,그렇고 그런 감정의 흔적이 시라고 생각을 했는데 시읽기에 대해 다시 한번 생각하게 하는 책이고 강신주라는 보석같은 철학자를 만난다는 면에서도 상당히 매력적이 책이다.
9788972976608,10,재미있어용!~
9788972976608,8,시를 현대 철학자들과 연계하여 산문으로 풀었다. 시를 천천히 읽지 못하는 독자들이 운문과 산문을 함께 즐길 수 있다.
9788972976608,10,인문학도에게 추천할 만한 책!
9788972976608,10,열렬한 이야기... 당신이 만져지는 곳으로 가고 싶다.
9788972976608,10,강신주 선생님의 책은 기대를 저버리지 않는것 같습니다.  수많은 시간을 정성스러움과  열정과  치열함으로 채웠을 것임을  느끼게 됩니다.  이런 철학자가 존재함이 놀랍고도 감사하게 됩니다.
9788972976608,8,시인만이 아니라 철학자도 함께 다루니 좋네요
9788972976608,10,"새로움에 가슴이 떨리고, 불편함에 입맛이 쓰다."
9788972976608,10,아직 읽진 않았지만 이번에도 기대해 볼게요!
9788972976608,8,철학으로 문학을 이해하는 건 참 흥미롭습니다.
9788972976608,10,강신주님 책을 매우 흥미롭고 유익하게 쓰시죠~
9788972976608,10,전작 한 권과 인터넷 강의만으로 끝내기엔 아쉬웠는데 이렇게 이어서 나오니 기뻐욧!!
9788964360361,10,어른이 어린이를 위해 쓰는 동화는 단지 꾸며낸 재미난.얘기가 아니라 인생에 대한 통찰력을 바탕으로 쓴다
9788964360361,10,우리정서의 동화를 찾아라!
9788930085083,10,횔덜린 시를 파헤친 책이라고 해야하나? 놀라운 책이다
9788930085083,10,｀시가 시인을 시짓는다｀. 아름다운 시에 대한 아름다운 책이다.
9788972755517,10,시를 더 깊이 읽고자 산 김인환 교수님의 책.
9788964067666,10,명.작
9788992151351,8,방통대교재 고전시가론을 쓰신분이다.훌륭한 교재였다 이책 역시고전시가의 다양한고 풍부한 배경지식을 쌓을수있도록 도움주는 책.. 근데$$$ 넘비싸요
9788992151351,10,조금더 쉽고 재미있게 아름다운 고전시가의  매력에 빠질수 있었다.
9788991706415,10,<일본근대문학의 기원>을 보완하는 책이라고나 할까......
9788991706415,10,이 양반 책은 강연집이 재미있어요.
9788931006889,10,좋아요^^
9788994210490,6,언급하는 공포 영화나 소설 등을 모른다면 따라가기 힘들다.
9788994210490,6,˝공포영화는 대리경험을 통해 정상에서 벗어난 반사회적 행동을 충족시키기 위한 초대장이다.˝ 한 줄이면 정리 끝.
9788994210490,8,80년대 미국 호러 문화에 대한 거장의 심도있는 탐구.
9788994210490,10,이 사람은 에세이도 소설만큼 재미있게 쓴다. 흥겨운 호러 댄스 무도회..필독.
9788994210490,10,"호러라는 죽음을 공연 보듯이 보는 우리들의 태도, 그 원인은?"
9788994210490,10,호러 킹의 호러 이야기
9788994210490,10,와.. 저도 궁금하던 내용.. 왜 끔찍하고 무섭고 두려워하면서도 호러에 열광을 하는지
9788994210490,10,"알 러 뷰, 킹 선생님."
9788991645318,8,벌써 두 번째 읽는데도 어렵고 헷갈린다. 이 순간만은 한 글자 한 마디 쓰고  할 때마다 왠지 조심스럽다.
9788991645318,10,모국어라 해도 글로 적으면 의외로 뜻을 명확하게 전달하기 어렵고 어색한 문장이 넘쳐난다. 이 책은 몹시 읽기 쉽게 쓰여 있고 흔히 하는 실수에 대해 조목조목 짚으면서 고쳐준다. 누구나 꼭 읽어봤으면 하는 책.
9788991645318,6,문장에 관하여
9788991645318,10,국밥 낱말편에 이어 문장편도 샀어요..너무 좋아요
9788991645318,10,이론과 예문이 잘 어우러진 책. 국밥 속 영양분을 섭취하는 것은 독자의 몫!
9788992362962,10,"전위가 Avant-garde이고 후위가 Arriere-garde라면 송승환은 측위flanc-garde의 개념을 발명했다. 대중과 독자와 유리되지 않으면서 그들의 측면에서 미학적이며 정치적인 혁신을 이뤄내는 시를 진은영의 시에서 발견하는데, 그것을 측위의 감각이라고 명명한 것이다."
9788971994030,10,"고전을 현대형식으로 옮겨 번역하고, 그 번역해 놓은 자리에 빗점까지 구현해 놓은 정성이 대단합니다. 종북소선 외의 다른 작품들도 이렇게 깔끔하게 정리되어서 만나고 싶습니다. 저에게는 매력적인 책이었습니다. 돈이 아깝지 않은!!!!"
9788994015088,10,장서용으로 최고  사전으로도  활용가능해요
9788994015088,8,Informative
9788994015088,8,읽어도 읽어도 아직도 안 읽은 작가가 이렇게 많다니..
9788994015088,8,"올컬러에 삽화까지, 한 페이지 한 페이지 작가들에 대해 알아가는 재미가 쏠쏠하다."
9788994015088,2,실망! 인터넷에서 쉽게 알 수 있는 내용들!
9788994015088,8,간단한 설명이 장단점이 되겠네요.
9788994015088,10,번역도 극히 우수하고 도판이 정교하다. 보는 즐거움이 읽는 즐거움을 배가함. 깔끔하고 핵심적인 서술이 돋보임.
9788994015088,8,전세계적으로 유명한 작가에 대한 정리가 일목요연함
9788994015088,10,호메로스에서 롤링까지 이 한권에! 곁에 두고 아무때나 펴 읽으면 좋을 레퍼런스 북!!
9788994079356,8,고등학교 때 우리는 이육사의 시를 배웠다. 광야와 청포도. 그의 독립운동은 배우지 못했다. 일제 경찰에 연행되어 숱하게 투옥된 그의 경력을 보면서 그의 시는 그의 삶이었다는 생각이 들었다. 이책은 육사의 삶을 더 알고  싶게 만드는 책이었다.
9788994079356,10,개처럼 살 수 없었던 ..
9788971993811,8,"성호이익에 대한 입문서로 적당하다. 성호사설을 편역한 책인데 매우 흥미롭다. 다방면에 걸친 관심사에 놀라고 이익의 생각에 또 한번 놀라게 된다. 역사, 지리, 사회비판 및 개혁안, 국제정치 등 매우 폭넓고 깊은 사유를 보여준다. 여타의 고전에서 좀처럼 느끼기 힘든 개방된 사유랄까."
9788971993811,8,이제 열 네 걸음..백 걸음까지 차근차근 걸어갑니다.옛어른들 따라서..뚜벅뚜벅..^^
9788971993811,10,저두요~ 성호 이익님~!!!
9788971993811,10,성호 이익의 사상도 엿볼수 있다.
9788971993811,10,편집이 홍대용/최치원/이황 선집보다 깔끔해져서 좋다! 이젠 안심해도 되겠네! >ㅅ<
9788994102030,10,영문학을 배우기에 최고의 책이 될것같아요! 수고하셨습니다 교수님^^
9788994102030,10,좋은사전으로 잘쓰겠습니다. 감사합니다 교수님^^
9788994102030,10,교수님! 고생하셨습니다. 양이 만만치 않은데..참고서로 좋을거 같아요
9788976681713,8,우리말 공부자료로 아주 좋은 책입니다.
9788976681713,10,산책 그 이상의 값을 하는 책이네요. 도움많이됐습니다.
9788971993804,10,이제 열 세걸음...백걸음까지 차곡차곡 걸어갑니다. 옛어르신들의 향취를 따라...뚜벅뚜벅..
9788971993804,10,처음 접하는 홍만종 선집...이제 읽어보는게 아쉽울뿐
9788957331743,8,출판사 보고 산책
9788957331743,10,버클리의 시각에 대한 사유를 철학강의에서 들은 적이 있었는데 매우 흥미롭게 들었다. 매우 기대되는 책이다
9788935661480,10,‘사전에서 중국글자말을 올려놓고 그것을 풀이하는데 그 말을 대신해 쓸 수 있는 우리 말을 보여주지 않으니 사람들은 중국글자말만 자꾸 쓰는 것이다‘ - p155 완전히 공감한다. 국어사전을 찾아도 쉬운 우리 말을 보여주지 않아 답답한 적이 많았다.
9788935661480,10,"‘언문일치‘는 어디까지나 ‘글‘이 ‘말‘을 따라가는 것이며, 우리 말은 어린이가 쓰는 말이 가장 우리 말다운 말이다.-본문에서-"
9788959134137,6,경솔하고 공격적인 문장.
9788959134137,8,톨스토이에 대한 비난은 오히려 19세기 러시아 사회의 부패와 향락과 부도덕으로 향해야 할 것 같습니다. 무위도식과 그 지겨움을 어떻게 감당하며 살았을까 싶습니다. 톨스토이와 소피아 부인의 불행한 결혼을 생각하면 부인에게 사랑받고 존경받았던 도스토예프스키가 떠오르기도 합니다.
9788959134137,6,"저자분이 도스토예프스키 vs. 톨스토이에서 도선생님 손을 번쩍 들어준 것을 모르는 바는 아니지만, 그래도 그렇지 톨선생님을 너무 홀대하심.. 탄복한 부분도 많았지만, 전체적으로 도선생님 책에서 느껴지던 애정의 쪼가리도 찾아볼 수 없는 비꼬는 듯한 어조가 이어져서 불편한 독서였다.."
9788959134137,8,톨스토이의 삶과 문학을 이해하는 데 많은 도움이 된다. 톨스토이를 무조건 찬양하지만 않고 때로는 신랄하게 비판한다. 톨스토이의 작품들을 읽고 나서 되새겨볼 때 읽으면 좋다.
9788959134137,10,톨스토이에 대한 흥미로운 인물탐구서. 인류지성의 자랑이자 대문호인 인물을 그야말로 '씹고 뜯고 맛보고 즐기'는 동안 그와 그의 작품에 대한 경외심에 흠집이 가지나않을까하는 염려는 내려놓아도좋다. 책장을 덮고나면 그 어느때보다 톨스토이를 제대로 읽고싶다는 열망이 생기니까. 기억할 작가!
9788959134137,8,항상 죽음을 기억하며 살라
9788959134137,10,"육체가 불러일으키는 욕망과 모순 속에서 괴로워하며 바르게 사는 것에 대해 끝까지 고민했던 톨스토이의 흔적을 '안나 카레니나'에서 통해 들여다 본다. 저자의 예리한 시선을 통해 톨스토이의 삶과 문학, 더 나아가 예술과 인생에 대해서까지 진지하게 마주한다."
9788959134137,6,톨스토이에 대하여 이보다 쉽게 쓰여진 책은 없을 것이다. 그러나 역시 안나 카레니나를 직접 읽는 것이 백번 옳다.
9788959134137,4,유럽의 웃긴 에세이 작가들의 문장 스타일을 이용해 톨스토이를 깎아내리고 있다.
9788932908878,10,장미의 이름을 해석하려고 샀는데 전혀 도움이 안됨;;;
9788932908878,8,"장미의 이름 영문판에는 소설 말미의 ｀저자 주｀같은 부록이었지만, 번역되어 오면서 따로 분리된 책. 장미의 이름을 읽었다면 이 책 역시 읽는것이 유익하리라."
9788932908878,10,에코님의 작가 노트는 과연 ***
9788956263960,10,평론을 읽다보면 임화가 단순한 작가에 그치지 않는다는 것을 알게 된다
9788956263953,10,다양한 작품에 대한 평론들이 눈에 띤다. 계급에 대한 이야기가 인상적이다
9788956263939,10,문학사를 다룬 책인데 임화는 신문학을 새롭게 규정한다. 이전의 조선문학과의 다른점 등을 기술한다. 새롭다
9788976821065,10,작법서를 가장한 철학서. 소설쓰기 배우려다 인생을 배웠다. 소설 쓰려는 사람이 어떤 인생을 향해야하는지를.
9788976821065,10,글쓰기를 위해 샀지만 글쓰기만을 위한 책이 아니다. 생각문장을 바꾸라는 글은 그동안 읽은 그 어떤 경전보다 더 몸으로 와 닿는 글이었다.
9788976821065,6,제목이 확 와닿아서용
9788976821065,8,재미있고 매우 유익한 실전 작문에 도움이 되는 책.
9788976821065,6,소설가 이만교가 1년간 강의했던 글쓰기 방법에 대해서 모아 정리했다 알기쉽게 구성되어있다
9788976821065,4,글쓰기에 좋은것 같다
9788976821065,10,솔찍하게 글쓰며 조금씩 글을 배워가는 좋은 책이네요~ 감사^^
9788976821065,2,"내 살다살다 이런 책은 처음보았다. 여러 작법서를 사봤지만 이책처럼 두껍고 내용없는 경우는 처음이다. 제일 황당했던건 수강생들의 글을 글쓴이가 수정했는데, 오히려 수강생 글이 더 자연스럽다는거. 절대 비추"
9788976821065,10,글쓰기는 의식의 전복입니다. 알게 모르게 내 의식을 지배하는 관습으로부터 해방입니다. 그러기 위해서는 긴장해야합니다. 감사합니다. 좋은 책입니다.
9788976821065,10,"솔직한 글쓰기,그 첫발을 내딛게 용기를 주는 책"
9788976821065,8,꽤 괜찮아요.ㅋㅋㅋ
9788976821065,10,내가 읽은 최소한 50권은 넘을 듯한 작법서 중에 적어도 5위 안에는 드는 책.
9788976821065,4,많은 분량에 비해서 그만큼의 도움이 된 것 같지는 않...  나만 이런가보네 ㅡㅡ;
9788976821065,10,창의적이고 감동적인 책. 쓰기뿐 아니라 읽기에도 좋다
9788976821065,10,"형식을 가르치는 딱딱한 책을 기대 했으나,,,재미있는 선생님을 만난기분,,,"
9788976821065,8,"모든 것은 노력과 관심이 필요하다. 글쓰기도, 삶도, 사랑도..."
9788976821065,10,글쓰기를 위해 많은 도움이 되었지만 그저 읽기에도 좋은 책
9788976821065,10,"글을 읽는 것도, 글을 쓰는 것도 모두 나의 의지. 나를 바꿔야만 한다."
9788976821065,10,한 두줄 쓰다 지쳐버린 나를 위한 책?
9788976821065,10,글 뿐 아니라 모든 예술에 적용해도 될 듯 좋은 책입니다
9788976821065,8,좋은 글을 쓰고 싶은 욕구에 응답해 주는 책
9788976821065,10,오랜만에 가슴이 설습니다.. 하고 싶은 일을 하는 사람 부러워하지 말고 해야겠네요
9788976821065,10,마음에 꼭 드는 책입니다. 간절히 10년을 원하면 이루어진다는 내용 아주 좋습니다*^*
9788976821065,10,지금 절반 쯤 읽었는데 좋은 얘기들이 참 많네요.
9788976821065,10,글쓰기는 삶쓰기다!
9788976821065,6,글쓰기는 쉽다. 그러나 글쓰기는 어렵다. 이것이 문제다.
9788925532158,6,"자기의 온 인생, 온 운명을 던져서 미친 듯이 고객을 위해 사랑행위를 하듯이 소설가는 먼저 책 읽기에 미쳐야하고 소설거리를 하나 붙잡으면 그 소설을 미친 듯이 써내야한다."
9788925532158,6,"숲은 있으나, 나무는 보이지 않았습니다. 독자는 작가의 나무 관리법을 보고 싶었는데"
9788932019475,10,"왜 사람들이 기형도 기형도 하는 이유가 궁금해서 샀는데, 만족이네요 ㅎㅎ"
9788932019475,8,기형도의 시는 항상 마음을 먹먹하게 합니다. 정리된 글들이 좋으네요
9788932019475,10,표지도 촌스럽고 내용도 그닥 새로운 게 없었지만 기형도 이름 석자 만으로 구입!
9788932019475,10,기형도~ 좋아요~ㅎ 잘 산듯..^^
9788932019475,10,"20주기 추모집, 기형도 아이콘 너머 큰 울림으로 다가오는 천재시인의 삶!"
9788932019475,8,그를 추억하는 글들부터 읽으면서 목차 그대로 그를 추억하는 시간이 즐거웠다.
9788932019475,10,출간을 기다렸던 책입니다
9788932019475,2,"중복된 내용에, 誤字에, 새로울 것 없는 내용...문지는 기형도 그만 팔아묵으라"
9788932019475,10,"김남주와 기형도를 같이읽던 어느 밤
아련하다. 그세월이.벌써 마흔둘이네 이런"
9788956387208,8,딱지본에 관심있는 사람이라면 읽을만하다. 뒷부분에 영인본 두 편이 실린 것도 그럭저럭 괜찮다.
9788937481994,6,"이탈리아에 편향된 작가들로, 잘 모르는 사람들이 많아서인지 흥미가 반감"
9788937481994,10,"칼비노의 다른 작품들과 같이 파편으로 된 통일체이고, 박식하고 유머러스하며, 낯선 동시에 친근하다. 무엇보다 환상과 실제, 책과 세상을 나누지 않는 다양성과 풍부함이 살아있다. 모르는 작가여도 모르는 작품이어도 좋다. 이렇게 멋진 괴짜들과 함께 할 수 있는 우리 독자들은 얼마나 행복한지."
9788937481994,10,번잡스러운 세상살이에 한줄 빛같은 것이 고전이어라. 진리는 변하지 않고 진리를 담은 고전 또한 언제나 그 빛으로 빛나리라.
9788925519432,10,존경하는 선생님의 글을 책으로 가지고 있을 수 있어서 좋았습니다.
9788937461774,8,오늘날 보기 부끄러운 장황한 과학 얘기만 제외하면 뭐...
9788937461774,10,"이 두꺼운걸 다 읽고나면, 이전과는 조금이라도 변화된 나를 만날 수 있을것 같다."
9788937472039,10,숨 쉬는 것조차 시가 되었던 사람.
9788937472039,8,네루다. 참으로 강하고 아름다운 사람. 좋은책감사합니다.
9788937472039,10,"그의 자서전은 한 편의 커다란 시다. 그의 삶 또한 거대한 대서사시다. 이 책을 읽으면 네루다를 사랑하지 않을 수 없다. 순수한 영혼, 민중의 삶 속으로 들어가 같이 호흡한 시인 네루다. 그의 삶이 존경스럽다."
9788937472039,10,"자서전이 시와 다를 바 없다. 네루다의 시적인 표현, 아름다운 비유만 보고 있어도 그저 즐겁다."
9788937472039,6,"고은도 그렇지만, 시인의 삶은 참 재미있어..."
9788937472039,10,네루다. 내게는 너무나 큰 이름.
9788937472039,10,"이 책을 읽고 있으면, 저 먼나라에서 온 우편배달부가 편지 한통을 놓고 갈 것만 같다"
